PE_L1_1 PE_L1_2 PE_L1_3 PE_L1_4 PE_L2_1 PE_L2_2 PE_L2_3 PE_L2_4 PE_L3_1 PE_L3_2 PE_L3_3 PE_L3_4 
0 76 0 0 0 0 0 0 0 76 81 0 
0 76 0 0 0 0 0 0 0 76 81 0 
0 76 0 0 0 0 0 0 0 76 81 0 
0 76 0 0 0 0 0 0 0 76 81 0 
0 76 0 0 0 0 0 0 0 76 81 0 
0 76 0 0 0 0 0 0 0 76 81 0 
0 76 0 0 0 0 0 0 0 76 81 0 
0 76 0 0 0 0 0 0 0 76 81 0 
0 76 0 0 0 0 0 0 0 76 81 0 
0 76 0 0 0 0 0 0 0 76 81 0 
0 76 0 0 0 0 0 0 0 76 81 0 
0 76 0 0 0 0 0 0 0 76 81 0 
0 76 0 0 0 0 0 0 0 76 81 0 
0 76 0 0 0 0 0 0 0 76 81 0 
0 76 0 0 0 0 0 0 0 76 81 0 
0 76 0 0 0 0 0 0 0 76 81 0 
0 76 0 0 0 0 0 0 0 76 81 0 
0 76 0 0 0 0 0 0 0 76 81 0 
0 76 0 0 0 0 0 0 0 76 81 0 
0 76 0 0 0 0 0 0 0 76 81 0 
0 76 0 0 0 0 0 0 0 76 81 0 
0 76 0 0 0 0 0 0 0 76 81 0 
0 76 0 0 0 0 0 0 0 76 81 0 
0 76 0 0 0 0 0 0 0 76 81 0 
0 76 0 0 0 0 0 0 0 76 81 0 
0 76 0 0 0 0 0 0 0 76 81 0 
0 76 0 0 0 0 0 0 0 76 81 0 
0 76 0 0 0 0 0 0 0 76 81 0 
0 76 0 0 0 0 0 0 0 76 81 0 
0 76 0 0 0 0 0 0 0 76 81 0 
0 76 0 0 0 0 80 0 0 76 0 0 
0 76 0 0 0 0 80 0 0 76 0 0 
0 76 0 0 0 0 80 0 0 76 0 0 
0 76 0 0 0 0 80 0 0 76 0 0 
0 76 0 0 0 0 80 0 0 76 0 0 
0 76 0 0 0 0 80 0 0 76 0 0 
0 76 0 0 0 0 80 0 0 76 0 0 
0 76 0 0 0 0 80 0 0 76 0 0 
0 76 0 0 0 0 80 0 0 76 0 0 
0 76 0 0 0 0 80 0 0 76 0 0 
0 76 0 0 0 0 80 0 0 76 0 0 
0 76 0 0 0 0 80 0 0 76 0 0 
0 76 0 0 0 0 80 0 0 76 0 0 
0 76 0 0 0 0 80 0 0 76 0 0 
0 76 0 0 0 0 80 0 0 76 0 0 
0 76 0 0 0 0 80 0 0 76 0 0 
0 76 0 0 0 0 80 0 0 76 0 0 
0 76 0 0 0 0 80 0 0 76 0 0 
0 76 0 0 0 0 80 0 0 76 0 0 
0 76 0 0 0 0 80 0 0 76 0 0 
0 76 0 0 0 0 80 0 0 76 0 0 
0 76 0 0 0 0 80 0 0 76 0 0 
0 76 0 0 0 0 80 0 0 76 0 0 
0 76 0 0 0 0 80 0 0 76 0 0 
0 76 0 0 0 0 80 0 0 76 0 0 
0 76 0 0 0 0 80 0 0 76 0 0 
0 76 0 0 0 0 80 0 0 76 0 0 
0 76 0 0 0 0 80 0 0 76 0 0 
0 76 0 0 0 0 80 0 0 76 0 0 
0 76 0 0 0 0 80 0 0 76 0 0 
87 76 0 0 0 0 0 0 0 76 0 0 
87 76 0 0 0 0 0 0 0 76 0 0 
87 76 0 0 0 0 0 0 0 76 0 0 
87 76 0 0 0 0 0 0 0 76 0 0 
87 76 0 0 0 0 0 0 0 76 0 0 
87 76 0 0 0 0 0 0 0 76 0 0 
87 76 0 0 0 0 0 0 0 76 0 0 
87 76 0 0 0 0 0 0 0 76 0 0 
87 76 0 0 0 0 0 0 0 76 0 0 
87 76 0 0 0 0 0 0 0 76 0 0 
80 76 0 0 0 0 0 0 0 76 0 0 
80 76 0 0 0 0 0 0 0 76 0 0 
80 76 0 0 0 0 0 0 0 76 0 0 
80 76 0 0 0 0 0 0 0 76 0 0 
80 76 0 0 0 0 0 0 0 76 0 0 
80 76 0 0 0 0 0 0 0 76 0 0 
80 76 0 0 0 0 0 0 0 76 0 0 
80 76 0 0 0 0 0 0 0 76 0 0 
80 76 0 0 0 0 0 0 0 76 0 0 
80 76 0 0 0 0 0 0 0 76 0 0 
81 76 0 0 0 0 0 0 0 76 0 0 
81 76 0 0 0 0 0 0 0 76 0 0 
81 76 0 0 0 0 0 0 0 76 0 0 
81 76 0 0 0 0 0 0 0 76 0 0 
81 76 0 0 0 0 0 0 0 76 0 0 
81 76 0 0 0 0 0 0 0 76 0 0 
81 76 0 0 0 0 0 0 0 76 0 0 
81 76 0 0 0 0 0 0 0 76 0 0 
81 76 0 0 0 0 0 0 0 76 0 0 
81 76 0 0 0 0 0 0 0 76 0 0 
81 76 0 0 0 0 0 0 0 76 0 0 
81 76 0 0 0 0 0 0 0 76 0 0 
81 76 0 0 0 0 0 0 0 76 0 0 
81 76 0 0 0 0 0 0 0 76 0 0 
81 76 0 0 0 0 0 0 0 76 0 0 
81 76 0 0 0 0 0 0 0 76 0 0 
81 76 0 0 0 0 0 0 0 76 0 0 
81 76 0 0 0 0 0 0 0 76 0 0 
81 76 0 0 0 0 0 0 0 76 0 0 
81 76 0 0 0 0 0 0 0 76 0 0 
81 76 0 0 0 0 0 0 0 76 0 0 
81 76 0 0 0 0 0 0 0 76 0 0 
81 76 0 0 0 0 0 0 0 76 0 0 
81 76 0 0 0 0 0 0 0 76 0 0 
81 76 0 0 0 0 0 0 0 76 0 0 
81 76 0 0 0 0 0 0 0 76 0 0 
81 76 0 0 0 0 0 0 0 76 0 0 
81 76 0 0 0 0 0 0 0 76 0 0 
81 76 0 0 0 0 0 0 0 76 0 0 
81 76 0 0 0 0 0 0 0 76 0 0 
85 0 0 0 0 0 0 0 0 76 0 75 
85 0 0 0 0 0 0 0 0 76 0 75 
85 0 0 0 0 0 0 0 0 76 0 75 
85 0 0 0 0 0 0 0 0 76 0 75 
85 0 0 0 0 0 0 0 0 76 0 75 
85 0 0 0 0 0 0 0 0 76 0 75 
85 0 0 0 0 0 0 0 0 76 0 75 
85 0 0 0 0 0 0 0 0 76 0 75 
85 0 0 0 0 0 0 0 0 76 0 75 
85 0 0 0 0 0 0 0 0 76 0 75 
85 0 0 0 0 0 0 0 0 76 0 75 
85 0 0 0 0 0 0 0 0 76 0 75 
85 0 0 0 0 0 0 0 0 76 0 75 
85 0 0 0 0 0 0 0 0 76 0 75 
85 0 0 0 0 0 0 0 0 76 0 75 
85 0 0 0 0 0 0 0 0 76 0 75 
85 0 0 0 0 0 0 0 0 76 0 75 
85 0 0 0 0 0 0 0 0 76 0 75 
85 0 0 0 0 0 0 0 0 76 0 75 
85 0 0 0 0 0 0 0 0 76 0 75 
85 0 0 0 0 0 0 0 0 76 0 75 
85 0 0 0 0 0 0 0 0 76 0 75 
85 0 0 0 0 0 0 0 0 76 0 75 
85 0 0 0 0 0 0 0 0 76 0 75 
85 0 0 0 0 0 0 0 0 76 0 75 
85 0 0 0 0 0 0 0 0 76 0 75 
85 0 0 0 0 0 0 0 0 76 0 75 
85 0 0 0 0 0 0 0 0 76 0 75 
85 0 0 0 0 0 0 0 0 76 0 75 
85 0 0 0 0 0 0 0 0 76 0 75 
80 0 0 0 0 0 0 0 0 76 0 75 
80 0 0 0 0 0 0 0 0 76 0 75 
80 0 0 0 0 0 0 0 0 76 0 75 
80 0 0 0 0 0 0 0 0 76 0 75 
80 0 0 0 0 0 0 0 0 76 0 75 
80 0 0 0 0 0 0 0 0 76 0 75 
80 0 0 0 0 0 0 0 0 76 0 75 
80 0 0 0 0 0 0 0 0 76 0 75 
80 0 0 0 0 0 0 0 0 76 0 75 
80 0 0 0 0 0 0 0 0 76 0 75 
80 0 0 0 0 0 0 0 0 76 0 75 
80 0 0 0 0 0 0 0 0 76 0 75 
80 0 0 0 0 0 0 0 0 76 0 75 
80 0 0 0 0 0 0 0 0 76 0 75 
80 0 0 0 0 0 0 0 0 76 0 75 
80 0 0 0 0 0 0 0 0 76 0 75 
80 0 0 0 0 0 0 0 0 76 0 75 
80 0 0 0 0 0 0 0 0 76 0 75 
80 0 0 0 0 0 0 0 0 76 0 75 
80 0 0 0 0 0 0 0 0 76 0 75 
80 0 0 0 0 0 0 0 0 76 0 75 
80 0 0 0 0 0 0 0 0 76 0 75 
80 0 0 0 0 0 0 0 0 76 0 75 
80 0 0 0 0 0 0 0 0 76 0 75 
80 0 0 0 0 0 0 0 0 76 0 75 
80 0 0 0 0 0 0 0 0 76 0 75 
80 0 0 0 0 0 0 0 0 76 0 75 
80 0 0 0 0 0 0 0 0 76 0 75 
80 0 0 0 0 0 0 0 0 76 0 75 
80 0 0 0 0 0 0 0 0 76 0 75 
80 0 0 0 76 0 0 0 0 0 0 75 
80 0 0 0 76 0 0 0 0 0 0 75 
80 0 0 0 76 0 0 0 0 0 0 75 
80 0 0 0 76 0 0 0 0 0 0 75 
80 0 0 0 76 0 0 0 0 0 0 75 
80 0 0 0 76 0 0 0 0 0 0 75 
80 0 0 0 76 0 0 0 0 0 0 75 
80 0 0 0 76 0 0 0 0 0 0 75 
80 0 0 0 76 0 0 0 0 0 0 75 
80 0 0 0 76 0 0 0 0 0 0 75 
80 0 0 0 76 0 0 0 0 0 0 75 
80 0 0 0 76 0 0 0 0 0 0 75 
80 0 0 0 76 0 0 0 0 0 0 75 
80 0 0 0 76 0 0 0 0 0 0 75 
80 0 0 0 76 0 0 0 0 0 0 75 
80 0 0 0 76 0 0 0 0 0 0 75 
80 0 0 0 76 0 0 0 0 0 0 75 
80 0 0 0 76 0 0 0 0 0 0 75 
80 0 0 0 76 0 0 0 0 0 0 75 
80 0 0 0 76 0 0 0 0 0 0 75 
80 0 0 0 76 0 0 0 0 0 0 75 
80 0 0 0 76 0 0 0 0 0 0 75 
80 0 0 0 76 0 0 0 0 0 0 75 
80 0 0 0 76 0 0 0 0 0 0 75 
80 0 0 0 76 0 0 0 0 0 0 75 
80 0 0 0 76 0 0 0 0 0 0 75 
80 0 0 0 76 0 0 0 0 0 0 75 
80 0 0 0 76 0 0 0 0 0 0 75 
80 0 0 0 76 0 0 0 0 0 0 75 
80 0 0 0 76 0 0 0 0 0 0 75 
80 0 0 0 76 0 0 0 0 0 0 75 
80 0 0 0 76 0 0 0 0 0 0 75 
80 0 0 0 76 0 0 0 0 0 0 75 
80 0 0 0 76 0 0 0 0 0 0 75 
80 0 0 0 76 0 0 0 0 0 0 75 
80 0 0 0 76 0 0 0 0 0 0 75 
80 0 0 0 76 0 0 0 0 0 0 75 
80 0 0 0 76 0 0 0 0 0 0 75 
80 0 0 0 76 0 0 0 0 0 0 75 
80 0 0 0 76 0 0 0 0 0 0 75 
80 0 0 0 76 0 0 0 0 0 0 75 
80 0 0 0 76 0 0 0 0 0 0 75 
80 0 0 0 76 0 0 0 0 0 0 75 
80 0 0 0 76 0 0 0 0 0 0 75 
80 0 0 0 76 0 0 0 0 0 0 75 
80 0 0 0 76 0 0 0 0 0 0 75 
80 0 0 0 76 0 0 0 0 0 0 75 
80 0 0 0 76 0 0 0 0 0 0 75 
80 0 0 0 76 0 0 0 0 0 0 75 
80 0 0 0 76 0 0 0 0 0 0 75 
80 0 0 0 76 0 0 0 0 0 0 75 
80 0 0 0 76 0 0 0 0 0 0 75 
80 0 0 0 76 0 0 0 0 0 0 75 
80 0 0 0 76 0 0 0 0 0 0 75 
80 0 0 0 76 0 0 0 0 0 0 75 
80 0 0 0 76 0 0 0 0 0 0 75 
80 0 0 0 76 0 0 0 0 0 0 75 
80 0 0 0 76 0 0 0 0 0 0 75 
80 0 0 0 76 0 0 0 0 0 0 75 
80 0 0 0 76 0 0 0 0 0 0 75 
80 0 0 0 76 0 0 0 0 0 0 75 
80 0 0 0 76 0 0 0 0 0 0 75 
80 0 0 0 76 0 0 0 0 0 0 75 
80 0 0 0 76 0 0 0 0 0 0 75 
80 0 0 0 76 0 0 0 0 0 0 75 
80 0 0 0 76 0 0 0 0 0 0 75 
80 0 0 0 76 0 0 0 0 0 0 75 
80 0 0 0 76 0 0 0 0 0 0 75 
80 0 0 0 76 0 0 0 0 0 0 75 
80 0 0 0 76 0 0 0 0 0 0 75 
80 0 0 0 76 0 0 0 0 0 0 75 
80 0 0 0 76 0 0 0 0 0 0 75 
80 0 0 0 76 0 0 0 0 0 0 75 
80 0 0 0 76 0 0 0 0 0 0 75 
80 0 0 0 76 0 0 0 0 0 0 75 
80 0 0 0 76 0 0 0 0 0 0 75 
80 0 0 0 76 0 0 0 0 0 0 75 
80 0 0 0 76 0 0 0 0 0 0 75 
80 0 0 0 76 0 0 0 0 0 0 75 
80 0 0 0 76 0 0 0 0 0 0 75 
80 0 0 0 76 0 0 0 0 0 0 75 
80 0 0 0 76 0 0 0 0 0 0 75 
80 0 0 0 76 0 0 0 0 0 0 75 
80 0 0 0 76 0 0 0 0 0 0 75 
80 0 0 0 76 0 0 0 0 0 0 75 
80 0 0 0 76 0 0 0 0 0 0 75 
80 0 0 0 76 0 0 0 0 0 0 75 
80 0 0 0 76 0 0 0 0 0 0 75 
80 0 0 0 76 0 0 0 0 0 0 75 
80 0 0 0 76 0 0 0 0 0 0 75 
80 0 0 0 76 0 0 0 0 0 0 75 
80 0 0 0 76 0 0 0 0 0 0 75 
80 0 0 0 76 0 0 0 0 0 0 75 
80 0 0 0 76 0 0 0 0 0 0 75 
80 0 0 0 76 0 0 0 0 0 0 75 
80 0 0 0 76 0 0 0 0 0 0 75 
80 0 0 0 76 0 0 0 0 0 0 75 
80 0 0 0 76 0 0 0 0 0 0 75 
80 0 0 0 76 0 0 0 0 0 0 75 
80 0 0 0 76 0 0 0 0 0 0 75 
80 0 0 0 76 0 0 0 0 0 0 75 
80 0 0 0 76 0 0 0 0 0 0 75 
80 0 0 0 76 0 0 0 0 0 0 75 
80 0 0 0 76 0 0 0 0 0 0 75 
80 0 0 0 76 0 0 0 0 0 0 75 
80 0 0 0 76 0 0 0 0 0 0 75 
80 0 0 0 76 0 0 0 0 0 0 75 
80 0 0 0 76 0 0 0 0 0 0 75 
80 0 0 0 76 0 0 0 0 0 0 75 
80 0 0 0 76 0 0 0 0 0 0 75 
80 0 0 0 76 0 0 75 0 0 0 0 
80 0 0 0 76 0 0 75 0 0 0 0 
80 0 0 0 76 0 0 75 0 0 0 0 
80 0 0 0 76 0 0 75 0 0 0 0 
80 0 0 0 76 0 0 75 0 0 0 0 
80 0 0 0 76 0 0 75 0 0 0 0 
80 0 0 0 76 0 0 75 0 0 0 0 
80 0 0 0 76 0 0 75 0 0 0 0 
80 0 0 0 76 0 0 75 0 0 0 0 
80 0 0 0 76 0 0 75 0 0 0 0 
80 0 0 0 76 0 0 75 0 0 0 0 
80 0 0 0 76 0 0 75 0 0 0 0 
80 0 0 0 76 0 0 75 0 0 0 0 
80 0 0 0 76 0 0 75 0 0 0 0 
80 0 0 0 76 0 0 75 0 0 0 0 
80 0 0 0 76 0 0 75 0 0 0 0 
80 0 0 0 76 0 0 75 0 0 0 0 
80 0 0 0 76 0 0 75 0 0 0 0 
80 0 0 0 76 0 0 75 0 0 0 0 
80 0 0 0 76 0 0 75 0 0 0 0 
80 0 0 0 76 0 0 75 0 0 0 0 
80 0 0 0 76 0 0 75 0 0 0 0 
80 0 0 0 76 0 0 75 0 0 0 0 
80 0 0 0 76 0 0 75 0 0 0 0 
80 0 0 0 76 0 0 75 0 0 0 0 
80 0 0 0 76 0 0 75 0 0 0 0 
80 0 0 0 76 0 0 75 0 0 0 0 
80 0 0 0 76 0 0 75 0 0 0 0 
80 0 0 0 76 0 0 75 0 0 0 0 
80 0 0 0 76 0 0 75 0 0 0 0 
80 0 0 0 76 0 0 75 0 0 0 0 
80 0 0 0 76 0 0 75 0 0 0 0 
80 0 0 0 76 0 0 75 0 0 0 0 
80 0 0 0 76 0 0 75 0 0 0 0 
80 0 0 0 76 0 0 75 0 0 0 0 
80 0 0 0 76 0 0 75 0 0 0 0 
80 0 0 0 76 0 0 75 0 0 0 0 
80 0 0 0 76 0 0 75 0 0 0 0 
80 0 0 0 76 0 0 75 0 0 0 0 
80 0 0 0 76 0 0 75 0 0 0 0 
80 0 0 0 0 0 0 75 0 0 0 79 
80 0 0 0 0 0 0 75 0 0 0 79 
80 0 0 0 0 0 0 75 0 0 0 79 
80 0 0 0 0 0 0 75 0 0 0 79 
80 0 0 0 0 0 0 75 0 0 0 79 
80 0 0 0 0 0 0 75 0 0 0 79 
80 0 0 0 0 0 0 75 0 0 0 79 
80 0 0 0 0 0 0 75 0 0 0 79 
80 0 0 0 0 0 0 75 0 0 0 79 
80 0 0 0 0 0 0 75 0 0 0 79 
80 0 0 0 0 0 0 75 0 0 0 0 
80 0 0 0 0 0 0 75 0 0 0 0 
80 0 0 0 0 0 0 75 0 0 0 0 
80 0 0 0 0 0 0 75 0 0 0 0 
80 0 0 0 0 0 0 75 0 0 0 0 
80 0 0 0 0 0 0 75 0 0 0 0 
80 0 0 0 0 0 0 75 0 0 0 0 
80 0 0 0 0 0 0 75 0 0 0 0 
80 0 0 0 0 0 0 75 0 0 0 0 
80 0 0 0 0 0 0 75 0 0 0 0 
81 0 0 0 0 0 0 75 0 0 0 0 
81 0 0 0 0 0 0 75 0 0 0 0 
81 0 0 0 0 0 0 75 0 0 0 0 
81 0 0 0 0 0 0 75 0 0 0 0 
81 0 0 0 0 0 0 75 0 0 0 0 
81 0 0 0 0 0 0 75 0 0 0 0 
81 0 0 0 0 0 0 75 0 0 0 0 
81 0 0 0 0 0 0 75 0 0 0 0 
81 0 0 0 0 0 0 75 0 0 0 0 
81 0 0 0 0 0 0 75 0 0 0 0 
81 0 0 0 0 0 0 75 0 0 0 0 
81 0 0 0 0 0 0 75 0 0 0 0 
81 0 0 0 0 0 0 75 0 0 0 0 
81 0 0 0 0 0 0 75 0 0 0 0 
81 0 0 0 0 0 0 75 0 0 0 0 
81 0 0 0 0 0 0 75 0 0 0 0 
81 0 0 0 0 0 0 75 0 0 0 0 
81 0 0 0 0 0 0 75 0 0 0 0 
81 0 0 0 0 0 0 75 0 0 0 0 
81 0 0 0 0 0 0 75 0 0 0 0 
81 0 0 0 0 0 0 75 0 0 0 0 
81 0 0 0 0 0 0 75 0 0 0 0 
81 0 0 0 0 0 0 75 0 0 0 0 
81 0 0 0 0 0 0 75 0 0 0 0 
81 0 0 0 0 0 0 75 0 0 0 0 
81 0 0 0 0 0 0 75 0 0 0 0 
81 0 0 0 0 0 0 75 0 0 0 0 
81 0 0 0 0 0 0 75 0 0 0 0 
81 0 0 0 0 0 0 75 0 0 0 0 
81 0 0 0 0 0 0 75 0 0 0 0 
81 0 0 0 0 0 0 75 0 0 0 0 
81 0 0 0 0 0 0 75 0 0 0 0 
81 0 0 0 0 0 0 75 0 0 0 0 
81 0 0 0 0 0 0 75 0 0 0 0 
81 0 0 0 0 0 0 75 0 0 0 0 
81 0 0 0 0 0 0 75 0 0 0 0 
81 0 0 0 0 0 0 75 0 0 0 0 
81 0 0 0 0 0 0 75 0 0 0 0 
81 0 0 0 0 0 0 75 0 0 0 0 
81 0 0 0 0 0 0 75 0 0 0 0 
81 0 0 0 0 0 0 75 0 0 0 0 
81 0 0 0 0 0 0 75 0 0 0 0 
81 0 0 0 0 0 0 75 0 0 0 0 
81 0 0 0 0 0 0 75 0 0 0 0 
81 0 0 0 0 0 0 75 0 0 0 0 
81 0 0 0 0 0 0 75 0 0 0 0 
81 0 0 0 0 0 0 75 0 0 0 0 
81 0 0 0 0 0 0 75 0 0 0 0 
81 0 0 0 0 0 0 75 0 0 0 0 
81 0 0 0 0 0 0 75 0 0 0 0 
81 0 0 0 0 0 0 75 0 0 0 0 
81 0 0 0 0 0 0 75 0 0 0 0 
81 0 0 0 0 0 0 75 0 0 0 0 
81 0 0 0 0 0 0 75 0 0 0 0 
81 0 0 0 0 0 0 75 0 0 0 0 
81 0 0 0 0 0 0 75 0 0 0 0 
81 0 0 0 0 0 0 75 0 0 0 0 
81 0 0 0 0 0 0 75 0 0 0 0 
81 0 0 0 0 0 0 75 0 0 0 0 
81 0 0 0 0 0 0 75 0 0 0 0 
81 0 0 0 0 0 0 75 0 0 0 0 
81 0 0 0 0 0 0 75 0 0 0 0 
81 0 0 0 0 0 0 75 0 0 0 0 
81 0 0 0 0 0 0 75 0 0 0 0 
81 0 0 0 0 0 0 75 0 0 0 0 
81 0 0 0 0 0 0 75 0 0 0 0 
81 0 0 0 0 0 0 75 0 0 0 0 
81 0 0 0 0 0 0 75 0 0 0 0 
81 0 0 0 0 0 0 75 0 0 0 0 
81 0 0 0 0 0 0 75 0 0 0 0 
81 0 0 0 0 0 0 75 0 0 0 0 
81 0 0 0 0 0 0 75 0 0 0 0 
81 0 0 0 0 0 0 75 0 0 0 0 
81 0 0 0 0 0 0 75 0 0 0 0 
81 0 0 0 0 0 0 75 0 0 0 0 
81 0 0 0 0 0 0 75 0 0 0 0 
81 0 0 0 0 0 0 75 0 0 0 0 
81 0 0 0 0 0 0 75 0 0 0 0 
81 0 0 0 0 0 0 75 0 0 0 0 
81 0 0 0 0 0 0 75 0 0 0 0 
81 0 0 0 0 0 0 75 0 0 0 0 
81 0 0 0 0 0 0 75 0 0 0 0 
81 0 0 0 0 0 0 75 0 0 0 0 
81 0 0 0 0 0 0 75 0 0 0 0 
81 0 0 0 0 0 0 75 0 0 0 0 
81 0 0 0 0 0 0 75 0 0 0 0 
81 0 0 0 0 0 0 75 0 0 0 0 
81 0 0 0 0 0 0 75 0 0 0 0 
81 0 0 0 0 0 0 75 0 0 0 0 
81 0 0 0 0 0 0 75 0 0 0 0 
81 0 0 0 0 0 0 75 0 0 0 0 
81 0 0 0 0 0 0 75 0 0 0 0 
81 0 0 0 0 0 0 75 0 0 0 0 
81 0 0 0 0 0 0 75 0 0 0 0 
81 0 0 0 0 0 0 75 0 0 0 0 
81 0 0 0 0 0 0 75 0 0 0 0 
81 0 0 0 0 0 0 75 0 0 0 0 
81 0 0 0 0 0 0 75 0 0 0 0 
81 0 0 0 0 0 0 75 0 0 0 0 
81 0 0 0 0 0 0 75 0 0 0 0 
81 0 0 0 0 0 0 75 0 0 0 0 
81 0 0 0 0 0 0 75 0 0 0 0 
81 0 0 0 0 0 0 75 0 0 0 0 
81 0 0 0 0 0 0 75 0 0 0 0 
81 0 0 0 0 0 0 75 0 0 0 0 
81 0 0 0 0 0 0 75 0 0 0 0 
81 0 0 0 0 0 0 75 0 0 0 0 
81 0 0 0 0 0 0 75 0 0 0 0 
81 0 0 0 0 0 0 75 0 0 0 0 
81 0 0 0 0 0 0 75 0 0 0 0 
81 0 0 0 0 0 0 75 0 0 0 0 
81 0 0 0 0 0 0 75 0 0 0 0 
81 0 0 0 0 0 0 75 0 0 0 0 
81 0 0 0 0 0 0 75 0 0 0 0 
81 0 0 0 0 0 0 75 0 0 0 0 
81 0 0 0 0 0 0 75 0 0 0 0 
81 0 0 0 0 0 0 75 0 0 0 0 
81 0 0 0 0 0 0 75 0 0 0 0 
81 0 0 0 0 0 0 75 0 0 0 0 
81 0 0 0 0 0 0 75 0 0 0 0 
81 0 0 0 0 0 0 0 73 0 0 75 
81 0 0 0 0 0 0 0 73 0 0 75 
81 0 0 0 0 0 0 0 73 0 0 75 
81 0 0 0 0 0 0 0 73 0 0 75 
81 0 0 0 0 0 0 0 73 0 0 75 
81 0 0 0 0 0 0 0 73 0 0 75 
81 0 0 0 0 0 0 0 73 0 0 75 
81 0 0 0 0 0 0 0 73 0 0 75 
81 0 0 0 0 0 0 0 73 0 0 75 
81 0 0 0 0 0 0 0 73 0 0 75 
81 0 0 0 0 0 0 0 73 0 0 75 
81 0 0 0 0 0 0 0 73 0 0 75 
81 0 0 0 0 0 0 0 73 0 0 75 
81 0 0 0 0 0 0 0 73 0 0 75 
81 0 0 0 0 0 0 0 73 0 0 75 
81 0 0 0 0 0 0 0 73 0 0 75 
81 0 0 0 0 0 0 0 73 0 0 75 
81 0 0 0 0 0 0 0 73 0 0 75 
81 0 0 0 0 0 0 0 73 0 0 75 
81 0 0 0 0 0 0 0 73 0 0 75 
81 0 0 0 0 0 0 0 73 0 0 75 
81 0 0 0 0 0 0 0 73 0 0 75 
81 0 0 0 0 0 0 0 73 0 0 75 
81 0 0 0 0 0 0 0 73 0 0 75 
81 0 0 0 0 0 0 0 73 0 0 75 
81 0 0 0 0 0 0 0 73 0 0 75 
81 0 0 0 0 0 0 0 73 0 0 75 
81 0 0 0 0 0 0 0 73 0 0 75 
81 0 0 0 0 0 0 0 73 0 0 75 
81 0 0 0 0 0 0 0 73 0 0 75 
81 0 0 0 0 0 0 0 73 0 0 75 
81 0 0 0 0 0 0 0 73 0 0 75 
81 0 0 0 0 0 0 0 73 0 0 75 
81 0 0 0 0 0 0 0 73 0 0 75 
81 0 0 0 0 0 0 0 73 0 0 75 
81 0 0 0 0 0 0 0 73 0 0 75 
81 0 0 0 0 0 0 0 73 0 0 75 
81 0 0 0 0 0 0 0 73 0 0 75 
81 0 0 0 0 0 0 0 73 0 0 75 
81 0 0 0 0 0 0 0 73 0 0 75 
80 0 0 0 0 0 0 0 73 0 0 75 
80 0 0 0 0 0 0 0 73 0 0 75 
80 0 0 0 0 0 0 0 73 0 0 75 
80 0 0 0 0 0 0 0 73 0 0 75 
80 0 0 0 0 0 0 0 73 0 0 75 
80 0 0 0 0 0 0 0 73 0 0 75 
80 0 0 0 0 0 0 0 73 0 0 75 
80 0 0 0 0 0 0 0 73 0 0 75 
80 0 0 0 0 0 0 0 73 0 0 75 
80 0 0 0 0 0 0 0 73 0 0 75 
80 0 0 0 0 0 0 74 0 0 0 75 
80 0 0 0 0 0 0 74 0 0 0 75 
80 0 0 0 0 0 0 74 0 0 0 75 
80 0 0 0 0 0 0 74 0 0 0 75 
80 0 0 0 0 0 0 74 0 0 0 75 
80 0 0 0 0 0 0 74 0 0 0 75 
80 0 0 0 0 0 0 74 0 0 0 75 
80 0 0 0 0 0 0 74 0 0 0 75 
80 0 0 0 0 0 0 74 0 0 0 75 
80 0 0 0 0 0 0 74 0 0 0 75 
80 0 0 0 0 0 0 74 0 0 0 75 
80 0 0 0 0 0 0 74 0 0 0 75 
80 0 0 0 0 0 0 74 0 0 0 75 
80 0 0 0 0 0 0 74 0 0 0 75 
80 0 0 0 0 0 0 74 0 0 0 75 
80 0 0 0 0 0 0 74 0 0 0 75 
80 0 0 0 0 0 0 74 0 0 0 75 
80 0 0 0 0 0 0 74 0 0 0 75 
80 0 0 0 0 0 0 74 0 0 0 75 
80 0 0 0 0 0 0 74 0 0 0 75 
80 0 0 0 0 0 0 74 0 0 0 75 
80 0 0 0 0 0 0 74 0 0 0 75 
80 0 0 0 0 0 0 74 0 0 0 75 
80 0 0 0 0 0 0 74 0 0 0 75 
80 0 0 0 0 0 0 74 0 0 0 75 
80 0 0 0 0 0 0 74 0 0 0 75 
80 0 0 0 0 0 0 74 0 0 0 75 
80 0 0 0 0 0 0 74 0 0 0 75 
80 0 0 0 0 0 0 74 0 0 0 75 
80 0 0 0 0 0 0 74 0 0 0 75 
80 0 0 0 78 0 0 74 0 0 0 0 
80 0 0 0 78 0 0 74 0 0 0 0 
80 0 0 0 78 0 0 74 0 0 0 0 
80 0 0 0 78 0 0 74 0 0 0 0 
80 0 0 0 78 0 0 74 0 0 0 0 
80 0 0 0 78 0 0 74 0 0 0 0 
80 0 0 0 78 0 0 74 0 0 0 0 
80 0 0 0 78 0 0 74 0 0 0 0 
80 0 0 0 78 0 0 74 0 0 0 0 
80 0 0 0 78 0 0 74 0 0 0 0 
80 0 0 0 78 0 0 74 0 0 0 0 
80 0 0 0 78 0 0 74 0 0 0 0 
80 0 0 0 78 0 0 74 0 0 0 0 
80 0 0 0 78 0 0 74 0 0 0 0 
80 0 0 0 78 0 0 74 0 0 0 0 
80 0 0 0 78 0 0 74 0 0 0 0 
80 0 0 0 78 0 0 74 0 0 0 0 
80 0 0 0 78 0 0 74 0 0 0 0 
80 0 0 0 78 0 0 74 0 0 0 0 
80 0 0 0 78 0 0 74 0 0 0 0 
80 0 0 0 78 0 0 74 0 0 0 0 
80 0 0 0 78 0 0 74 0 0 0 0 
80 0 0 0 78 0 0 74 0 0 0 0 
80 0 0 0 78 0 0 74 0 0 0 0 
80 0 0 0 78 0 0 74 0 0 0 0 
80 0 0 0 78 0 0 74 0 0 0 0 
80 0 0 0 78 0 0 74 0 0 0 0 
80 0 0 0 78 0 0 74 0 0 0 0 
80 0 0 0 78 0 0 74 0 0 0 0 
80 0 0 0 78 0 0 74 0 0 0 0 
0 0 76 0 78 0 0 0 0 0 80 0 
0 0 76 0 78 0 0 0 0 0 80 0 
0 0 76 0 78 0 0 0 0 0 80 0 
0 0 76 0 78 0 0 0 0 0 80 0 
0 0 76 0 78 0 0 0 0 0 80 0 
0 0 76 0 78 0 0 0 0 0 80 0 
0 0 76 0 78 0 0 0 0 0 80 0 
0 0 76 0 78 0 0 0 0 0 80 0 
0 0 76 0 78 0 0 0 0 0 80 0 
0 0 76 0 78 0 0 0 0 0 80 0 
0 0 76 0 78 0 0 0 0 0 80 0 
0 0 76 0 78 0 0 0 0 0 80 0 
0 0 76 0 78 0 0 0 0 0 80 0 
0 0 76 0 78 0 0 0 0 0 80 0 
0 0 76 0 78 0 0 0 0 0 80 0 
0 0 76 0 78 0 0 0 0 0 80 0 
0 0 76 0 78 0 0 0 0 0 80 0 
0 0 76 0 78 0 0 0 0 0 80 0 
0 0 76 0 78 0 0 0 0 0 80 0 
0 0 76 0 78 0 0 0 0 0 80 0 
0 0 76 0 78 0 0 0 0 0 80 0 
0 0 76 0 78 0 0 0 0 0 80 0 
0 0 76 0 78 0 0 0 0 0 80 0 
0 0 76 0 78 0 0 0 0 0 80 0 
0 0 76 0 78 0 0 0 0 0 80 0 
0 0 76 0 78 0 0 0 0 0 80 0 
0 0 76 0 78 0 0 0 0 0 80 0 
0 0 76 0 78 0 0 0 0 0 80 0 
0 0 76 0 78 0 0 0 0 0 80 0 
0 0 76 0 78 0 0 0 0 0 80 0 
0 0 76 0 78 0 0 0 0 0 80 0 
0 0 76 0 78 0 0 0 0 0 80 0 
0 0 76 0 78 0 0 0 0 0 80 0 
0 0 76 0 78 0 0 0 0 0 80 0 
0 0 76 0 78 0 0 0 0 0 80 0 
0 0 76 0 78 0 0 0 0 0 80 0 
0 0 76 0 78 0 0 0 0 0 80 0 
0 0 76 0 78 0 0 0 0 0 80 0 
0 0 76 0 78 0 0 0 0 0 80 0 
0 0 76 0 78 0 0 0 0 0 80 0 
0 0 76 0 78 0 0 0 0 0 80 0 
0 0 76 0 78 0 0 0 0 0 80 0 
0 0 76 0 78 0 0 0 0 0 80 0 
0 0 76 0 78 0 0 0 0 0 80 0 
0 0 76 0 78 0 0 0 0 0 80 0 
0 0 76 0 78 0 0 0 0 0 80 0 
0 0 76 0 78 0 0 0 0 0 80 0 
0 0 76 0 78 0 0 0 0 0 80 0 
0 0 76 0 78 0 0 0 0 0 80 0 
0 0 76 0 78 0 0 0 0 0 80 0 
0 0 76 0 78 0 0 0 0 0 80 0 
0 0 76 0 78 0 0 0 0 0 80 0 
0 0 76 0 78 0 0 0 0 0 80 0 
0 0 76 0 78 0 0 0 0 0 80 0 
0 0 76 0 78 0 0 0 0 0 80 0 
0 0 76 0 78 0 0 0 0 0 80 0 
0 0 76 0 78 0 0 0 0 0 80 0 
0 0 76 0 78 0 0 0 0 0 80 0 
0 0 76 0 78 0 0 0 0 0 80 0 
0 0 76 0 78 0 0 0 0 0 80 0 
0 0 76 0 78 0 0 0 0 0 80 0 
0 0 76 0 78 0 0 0 0 0 80 0 
0 0 76 0 78 0 0 0 0 0 80 0 
0 0 76 0 78 0 0 0 0 0 80 0 
0 0 76 0 78 0 0 0 0 0 80 0 
0 0 76 0 78 0 0 0 0 0 80 0 
0 0 76 0 78 0 0 0 0 0 80 0 
0 0 76 0 78 0 0 0 0 0 80 0 
0 0 76 0 78 0 0 0 0 0 80 0 
0 0 76 0 78 0 0 0 0 0 80 0 
0 0 76 0 78 0 0 0 0 0 80 0 
0 0 76 0 78 0 0 0 0 0 80 0 
0 0 76 0 78 0 0 0 0 0 80 0 
0 0 76 0 78 0 0 0 0 0 80 0 
0 0 76 0 78 0 0 0 0 0 80 0 
0 0 76 0 78 0 0 0 0 0 80 0 
0 0 76 0 78 0 0 0 0 0 80 0 
0 0 76 0 78 0 0 0 0 0 80 0 
0 0 76 0 78 0 0 0 0 0 80 0 
0 0 76 0 78 0 0 0 0 0 80 0 
0 0 76 0 78 0 0 0 0 0 80 0 
0 0 76 0 78 0 0 0 0 0 80 0 
0 0 76 0 78 0 0 0 0 0 80 0 
0 0 76 0 78 0 0 0 0 0 80 0 
0 0 76 0 78 0 0 0 0 0 80 0 
0 0 76 0 78 0 0 0 0 0 80 0 
0 0 76 0 78 0 0 0 0 0 80 0 
0 0 76 0 78 0 0 0 0 0 80 0 
0 0 76 0 78 0 0 0 0 0 80 0 
0 0 76 0 78 0 0 0 0 0 80 0 
0 78 76 0 0 0 0 0 0 0 80 0 
0 78 76 0 0 0 0 0 0 0 80 0 
0 78 76 0 0 0 0 0 0 0 80 0 
0 78 76 0 0 0 0 0 0 0 80 0 
0 78 76 0 0 0 0 0 0 0 80 0 
0 78 76 0 0 0 0 0 0 0 80 0 
0 78 76 0 0 0 0 0 0 0 80 0 
0 78 76 0 0 0 0 0 0 0 80 0 
0 78 76 0 0 0 0 0 0 0 80 0 
0 78 76 0 0 0 0 0 0 0 80 0 
0 78 76 0 0 0 0 0 0 0 80 0 
0 78 76 0 0 0 0 0 0 0 80 0 
0 78 76 0 0 0 0 0 0 0 80 0 
0 78 76 0 0 0 0 0 0 0 80 0 
0 78 76 0 0 0 0 0 0 0 80 0 
0 78 76 0 0 0 0 0 0 0 80 0 
0 78 76 0 0 0 0 0 0 0 80 0 
0 78 76 0 0 0 0 0 0 0 80 0 
0 78 76 0 0 0 0 0 0 0 80 0 
0 78 76 0 0 0 0 0 0 0 80 0 
0 0 76 0 0 0 0 0 0 0 80 75 
0 0 76 0 0 0 0 0 0 0 80 75 
0 0 76 0 0 0 0 0 0 0 80 75 
0 0 76 0 0 0 0 0 0 0 80 75 
0 0 76 0 0 0 0 0 0 0 80 75 
0 0 76 0 0 0 0 0 0 0 80 75 
0 0 76 0 0 0 0 0 0 0 80 75 
0 0 76 0 0 0 0 0 0 0 80 75 
0 0 76 0 0 0 0 0 0 0 80 75 
0 0 76 0 0 0 0 0 0 0 80 75 
0 0 76 0 0 0 0 0 0 0 80 75 
0 0 76 0 0 0 0 0 0 0 80 75 
0 0 76 0 0 0 0 0 0 0 80 75 
0 0 76 0 0 0 0 0 0 0 80 75 
0 0 76 0 0 0 0 0 0 0 80 75 
0 0 76 0 0 0 0 0 0 0 80 75 
0 0 76 0 0 0 0 0 0 0 80 75 
0 0 76 0 0 0 0 0 0 0 80 75 
0 0 76 0 0 0 0 0 0 0 80 75 
0 0 76 0 0 0 0 0 0 0 80 75 
0 0 76 0 0 0 0 0 0 0 80 75 
0 0 76 0 0 0 0 0 0 0 80 75 
0 0 76 0 0 0 0 0 0 0 80 75 
0 0 76 0 0 0 0 0 0 0 80 75 
0 0 76 0 0 0 0 0 0 0 80 75 
0 0 76 0 0 0 0 0 0 0 80 75 
0 0 76 0 0 0 0 0 0 0 80 75 
0 0 76 0 0 0 0 0 0 0 80 75 
0 0 76 0 0 0 0 0 0 0 80 75 
0 0 76 0 0 0 0 0 0 0 80 75 
0 0 76 0 0 0 0 0 0 0 80 0 
0 0 76 0 0 0 0 0 0 0 80 0 
0 0 76 0 0 0 0 0 0 0 80 0 
0 0 76 0 0 0 0 0 0 0 80 0 
0 0 76 0 0 0 0 0 0 0 80 0 
0 0 76 0 0 0 0 0 0 0 80 0 
0 0 76 0 0 0 0 0 0 0 80 0 
0 0 76 0 0 0 0 0 0 0 80 0 
0 0 76 0 0 0 0 0 0 0 80 0 
0 0 76 0 0 0 0 0 0 0 80 0 
0 0 0 0 0 0 0 0 78 0 80 0 
0 0 0 0 0 0 0 0 78 0 80 0 
0 0 0 0 0 0 0 0 78 0 80 0 
0 0 0 0 0 0 0 0 78 0 80 0 
0 0 0 0 0 0 0 0 78 0 80 0 
0 0 0 0 0 0 0 0 78 0 80 0 
0 0 0 0 0 0 0 0 78 0 80 0 
0 0 0 0 0 0 0 0 78 0 80 0 
0 0 0 0 0 0 0 0 78 0 80 0 
0 0 0 0 0 0 0 0 78 0 80 0 
0 0 0 0 0 0 0 0 78 0 80 0 
0 0 0 0 0 0 0 0 78 0 80 0 
0 0 0 0 0 0 0 0 78 0 80 0 
0 0 0 0 0 0 0 0 78 0 80 0 
0 0 0 0 0 0 0 0 78 0 80 0 
0 0 0 0 0 0 0 0 78 0 80 0 
0 0 0 0 0 0 0 0 78 0 80 0 
0 0 0 0 0 0 0 0 78 0 80 0 
0 0 0 0 0 0 0 0 78 0 80 0 
0 0 0 0 0 0 0 0 78 0 80 0 
0 0 0 0 0 0 0 0 78 0 80 0 
0 0 0 0 0 0 0 0 78 0 80 0 
0 0 0 0 0 0 0 0 78 0 80 0 
0 0 0 0 0 0 0 0 78 0 80 0 
0 0 0 0 0 0 0 0 78 0 80 0 
0 0 0 0 0 0 0 0 78 0 80 0 
0 0 0 0 0 0 0 0 78 0 80 0 
0 0 0 0 0 0 0 0 78 0 80 0 
0 0 0 0 0 0 0 0 78 0 80 0 
0 0 0 0 0 0 0 0 78 0 80 0 
0 0 0 0 0 0 0 0 78 0 80 0 
0 0 0 0 0 0 0 0 78 0 80 0 
0 0 0 0 0 0 0 0 78 0 80 0 
0 0 0 0 0 0 0 0 78 0 80 0 
0 0 0 0 0 0 0 0 78 0 80 0 
0 0 0 0 0 0 0 0 78 0 80 0 
0 0 0 0 0 0 0 0 78 0 80 0 
0 0 0 0 0 0 0 0 78 0 80 0 
0 0 0 0 0 0 0 0 78 0 80 0 
0 0 0 0 0 0 0 0 78 0 80 0 
85 0 0 0 0 0 0 0 78 0 0 0 
85 0 0 0 0 0 0 0 78 0 0 0 
85 0 0 0 0 0 0 0 78 0 0 0 
85 0 0 0 0 0 0 0 78 0 0 0 
85 0 0 0 0 0 0 0 78 0 0 0 
85 0 0 0 0 0 0 0 78 0 0 0 
85 0 0 0 0 0 0 0 78 0 0 0 
85 0 0 0 0 0 0 0 78 0 0 0 
85 0 0 0 0 0 0 0 78 0 0 0 
85 0 0 0 0 0 0 0 78 0 0 0 
85 0 0 0 0 0 0 0 78 0 0 0 
85 0 0 0 0 0 0 0 78 0 0 0 
85 0 0 0 0 0 0 0 78 0 0 0 
85 0 0 0 0 0 0 0 78 0 0 0 
85 0 0 0 0 0 0 0 78 0 0 0 
85 0 0 0 0 0 0 0 78 0 0 0 
85 0 0 0 0 0 0 0 78 0 0 0 
85 0 0 0 0 0 0 0 78 0 0 0 
85 0 0 0 0 0 0 0 78 0 0 0 
85 0 0 0 0 0 0 0 78 0 0 0 
85 0 0 0 0 0 0 0 78 0 0 0 
85 0 0 0 0 0 0 0 78 0 0 0 
85 0 0 0 0 0 0 0 78 0 0 0 
85 0 0 0 0 0 0 0 78 0 0 0 
85 0 0 0 0 0 0 0 78 0 0 0 
85 0 0 0 0 0 0 0 78 0 0 0 
85 0 0 0 0 0 0 0 78 0 0 0 
85 0 0 0 0 0 0 0 78 0 0 0 
85 0 0 0 0 0 0 0 78 0 0 0 
85 0 0 0 0 0 0 0 78 0 0 0 
85 0 0 0 0 0 0 0 78 0 0 0 
85 0 0 0 0 0 0 0 78 0 0 0 
85 0 0 0 0 0 0 0 78 0 0 0 
85 0 0 0 0 0 0 0 78 0 0 0 
85 0 0 0 0 0 0 0 78 0 0 0 
85 0 0 0 0 0 0 0 78 0 0 0 
85 0 0 0 0 0 0 0 78 0 0 0 
85 0 0 0 0 0 0 0 78 0 0 0 
85 0 0 0 0 0 0 0 78 0 0 0 
85 0 0 0 0 0 0 0 78 0 0 0 
85 0 0 0 0 0 0 0 78 0 0 0 
85 0 0 0 0 0 0 0 78 0 0 0 
85 0 0 0 0 0 0 0 78 0 0 0 
85 0 0 0 0 0 0 0 78 0 0 0 
85 0 0 0 0 0 0 0 78 0 0 0 
85 0 0 0 0 0 0 0 78 0 0 0 
85 0 0 0 0 0 0 0 78 0 0 0 
85 0 0 0 0 0 0 0 78 0 0 0 
85 0 0 0 0 0 0 0 78 0 0 0 
85 0 0 0 0 0 0 0 78 0 0 0 
85 0 0 0 0 0 0 0 78 0 0 0 
85 0 0 0 0 0 0 0 78 0 0 0 
85 0 0 0 0 0 0 0 78 0 0 0 
85 0 0 0 0 0 0 0 78 0 0 0 
85 0 0 0 0 0 0 0 78 0 0 0 
85 0 0 0 0 0 0 0 78 0 0 0 
85 0 0 0 0 0 0 0 78 0 0 0 
85 0 0 0 0 0 0 0 78 0 0 0 
85 0 0 0 0 0 0 0 78 0 0 0 
85 0 0 0 0 0 0 0 78 0 0 0 
85 0 0 0 0 0 0 0 78 0 0 0 
85 0 0 0 0 0 0 0 78 0 0 0 
85 0 0 0 0 0 0 0 78 0 0 0 
85 0 0 0 0 0 0 0 78 0 0 0 
85 0 0 0 0 0 0 0 78 0 0 0 
85 0 0 0 0 0 0 0 78 0 0 0 
85 0 0 0 0 0 0 0 78 0 0 0 
85 0 0 0 0 0 0 0 78 0 0 0 
85 0 0 0 0 0 0 0 78 0 0 0 
85 0 0 0 0 0 0 0 78 0 0 0 
85 0 0 0 0 0 0 0 78 0 0 0 
85 0 0 0 0 0 0 0 78 0 0 0 
85 0 0 0 0 0 0 0 78 0 0 0 
85 0 0 0 0 0 0 0 78 0 0 0 
85 0 0 0 0 0 0 0 78 0 0 0 
85 0 0 0 0 0 0 0 78 0 0 0 
85 0 0 0 0 0 0 0 78 0 0 0 
85 0 0 0 0 0 0 0 78 0 0 0 
85 0 0 0 0 0 0 0 78 0 0 0 
85 0 0 0 0 0 0 0 78 0 0 0 
85 0 0 0 0 0 0 0 0 74 0 0 
85 0 0 0 0 0 0 0 0 74 0 0 
85 0 0 0 0 0 0 0 0 74 0 0 
85 0 0 0 0 0 0 0 0 74 0 0 
85 0 0 0 0 0 0 0 0 74 0 0 
85 0 0 0 0 0 0 0 0 74 0 0 
85 0 0 0 0 0 0 0 0 74 0 0 
85 0 0 0 0 0 0 0 0 74 0 0 
85 0 0 0 0 0 0 0 0 74 0 0 
85 0 0 0 0 0 0 0 0 74 0 0 
85 0 0 0 0 0 0 0 0 74 0 0 
85 0 0 0 0 0 0 0 0 74 0 0 
85 0 0 0 0 0 0 0 0 74 0 0 
85 0 0 0 0 0 0 0 0 74 0 0 
85 0 0 0 0 0 0 0 0 74 0 0 
85 0 0 0 0 0 0 0 0 74 0 0 
85 0 0 0 0 0 0 0 0 74 0 0 
85 0 0 0 0 0 0 0 0 74 0 0 
85 0 0 0 0 0 0 0 0 74 0 0 
85 0 0 0 0 0 0 0 0 74 0 0 
85 0 0 0 0 0 0 0 0 74 0 0 
85 0 0 0 0 0 0 0 0 74 0 0 
85 0 0 0 0 0 0 0 0 74 0 0 
85 0 0 0 0 0 0 0 0 74 0 0 
85 0 0 0 0 0 0 0 0 74 0 0 
85 0 0 0 0 0 0 0 0 74 0 0 
85 0 0 0 0 0 0 0 0 74 0 0 
85 0 0 0 0 0 0 0 0 74 0 0 
85 0 0 0 0 0 0 0 0 74 0 0 
85 0 0 0 0 0 0 0 0 74 0 0 
85 0 0 0 0 0 0 0 0 74 0 0 
85 0 0 0 0 0 0 0 0 74 0 0 
85 0 0 0 0 0 0 0 0 74 0 0 
85 0 0 0 0 0 0 0 0 74 0 0 
85 0 0 0 0 0 0 0 0 74 0 0 
85 0 0 0 0 0 0 0 0 74 0 0 
85 0 0 0 0 0 0 0 0 74 0 0 
85 0 0 0 0 0 0 0 0 74 0 0 
85 0 0 0 0 0 0 0 0 74 0 0 
85 0 0 0 0 0 0 0 0 74 0 0 
85 0 0 0 0 0 0 0 0 74 0 0 
85 0 0 0 0 0 0 0 0 74 0 0 
85 0 0 0 0 0 0 0 0 74 0 0 
85 0 0 0 0 0 0 0 0 74 0 0 
85 0 0 0 0 0 0 0 0 74 0 0 
85 0 0 0 0 0 0 0 0 74 0 0 
85 0 0 0 0 0 0 0 0 74 0 0 
85 0 0 0 0 0 0 0 0 74 0 0 
85 0 0 0 0 0 0 0 0 74 0 0 
85 0 0 0 0 0 0 0 0 74 0 0 
85 0 0 0 0 0 0 0 0 74 0 0 
85 0 0 0 0 0 0 0 0 74 0 0 
85 0 0 0 0 0 0 0 0 74 0 0 
85 0 0 0 0 0 0 0 0 74 0 0 
85 0 0 0 0 0 0 0 0 74 0 0 
85 0 0 0 0 0 0 0 0 74 0 0 
85 0 0 0 0 0 0 0 0 74 0 0 
85 0 0 0 0 0 0 0 0 74 0 0 
85 0 0 0 0 0 0 0 0 74 0 0 
85 0 0 0 0 0 0 0 0 74 0 0 
85 0 0 0 0 0 0 0 0 74 0 0 
85 0 0 0 0 0 0 0 0 74 0 0 
85 0 0 0 0 0 0 0 0 74 0 0 
85 0 0 0 0 0 0 0 0 74 0 0 
85 0 0 0 0 0 0 0 0 74 0 0 
85 0 0 0 0 0 0 0 0 74 0 0 
85 0 0 0 0 0 0 0 0 74 0 0 
85 0 0 0 0 0 0 0 0 74 0 0 
85 0 0 0 0 0 0 0 0 74 0 0 
85 0 0 0 0 0 0 0 0 74 0 0 
85 0 0 0 0 0 0 0 0 74 0 0 
85 0 0 0 0 0 0 0 0 74 0 0 
85 0 0 0 0 0 0 0 0 74 0 0 
85 0 0 0 0 0 0 0 0 74 0 0 
85 0 0 0 0 0 0 0 0 74 0 0 
85 0 0 0 0 0 0 0 0 74 0 0 
85 0 0 0 0 0 0 0 0 74 0 0 
85 0 0 0 0 0 0 0 0 74 0 0 
85 0 0 0 0 0 0 0 0 74 0 0 
85 0 0 0 0 0 0 0 0 74 0 0 
85 0 0 0 0 0 0 0 0 74 0 0 
85 0 0 0 0 0 0 0 0 74 0 0 
85 0 0 0 0 0 0 0 0 74 0 0 
85 0 0 0 0 0 0 0 0 74 0 0 
85 0 0 0 0 0 0 0 0 74 0 0 
85 0 0 0 0 0 0 0 0 74 0 0 
85 0 0 0 0 0 0 0 0 74 0 0 
85 0 0 0 0 0 0 0 0 74 0 0 
85 0 0 0 0 0 0 0 0 74 0 0 
85 0 0 0 0 0 0 0 0 74 0 0 
85 0 0 0 0 0 0 0 0 74 0 0 
85 0 0 0 0 0 0 0 0 74 0 0 
85 0 0 0 0 0 0 0 0 74 0 0 
85 0 0 0 0 0 0 0 0 74 0 0 
85 0 0 0 0 0 0 0 0 74 0 0 
85 0 0 0 0 0 0 0 0 74 0 0 
85 0 0 0 0 0 0 0 0 74 0 0 
85 0 0 0 0 0 0 0 0 74 0 0 
85 0 0 0 0 0 0 0 0 74 0 0 
85 0 0 0 0 0 0 0 0 74 0 0 
0 0 0 0 0 83 0 0 0 74 0 0 
0 0 0 0 0 83 0 0 0 74 0 0 
0 0 0 0 0 83 0 0 0 74 0 0 
0 0 0 0 0 83 0 0 0 74 0 0 
0 0 0 0 0 83 0 0 0 74 0 0 
0 0 0 0 0 83 0 0 0 74 0 0 
0 0 0 0 0 83 0 0 0 74 0 0 
0 0 0 0 0 83 0 0 0 74 0 0 
0 0 0 0 0 83 0 0 0 74 0 0 
0 0 0 0 0 83 0 0 0 74 0 0 
0 0 0 0 0 83 0 0 0 74 0 0 
0 0 0 0 0 83 0 0 0 74 0 0 
0 0 0 0 0 83 0 0 0 74 0 0 
0 0 0 0 0 83 0 0 0 74 0 0 
0 0 0 0 0 83 0 0 0 74 0 0 
0 0 0 0 0 83 0 0 0 74 0 0 
0 0 0 0 0 83 0 0 0 74 0 0 
0 0 0 0 0 83 0 0 0 74 0 0 
0 0 0 0 0 83 0 0 0 74 0 0 
0 0 0 0 0 83 0 0 0 74 0 0 
0 0 0 0 0 83 0 0 0 74 0 0 
0 0 0 0 0 83 0 0 0 74 0 0 
0 0 0 0 0 83 0 0 0 74 0 0 
0 0 0 0 0 83 0 0 0 74 0 0 
0 0 0 0 0 83 0 0 0 74 0 0 
0 0 0 0 0 83 0 0 0 74 0 0 
0 0 0 0 0 83 0 0 0 74 0 0 
0 0 0 0 0 83 0 0 0 74 0 0 
0 0 0 0 0 83 0 0 0 74 0 0 
0 0 0 0 0 83 0 0 0 74 0 0 
0 0 0 0 0 83 0 0 0 74 0 0 
0 0 0 0 0 83 0 0 0 74 0 0 
0 0 0 0 0 83 0 0 0 74 0 0 
0 0 0 0 0 83 0 0 0 74 0 0 
0 0 0 0 0 83 0 0 0 74 0 0 
0 0 0 0 0 83 0 0 0 74 0 0 
0 0 0 0 0 83 0 0 0 74 0 0 
0 0 0 0 0 83 0 0 0 74 0 0 
0 0 0 0 0 83 0 0 0 74 0 0 
0 0 0 0 0 83 0 0 0 74 0 0 
0 0 0 0 0 83 0 0 0 74 0 0 
0 0 0 0 0 83 0 0 0 74 0 0 
0 0 0 0 0 83 0 0 0 74 0 0 
0 0 0 0 0 83 0 0 0 74 0 0 
0 0 0 0 0 83 0 0 0 74 0 0 
0 0 0 0 0 83 0 0 0 74 0 0 
0 0 0 0 0 83 0 0 0 74 0 0 
0 0 0 0 0 83 0 0 0 74 0 0 
0 0 0 0 0 83 0 0 0 74 0 0 
0 0 0 0 0 83 0 0 0 74 0 0 
0 0 0 0 0 83 0 0 0 74 0 0 
0 0 0 0 0 83 0 0 0 74 0 0 
0 0 0 0 0 83 0 0 0 74 0 0 
0 0 0 0 0 83 0 0 0 74 0 0 
0 0 0 0 0 83 0 0 0 74 0 0 
0 0 0 0 0 83 0 0 0 74 0 0 
0 0 0 0 0 83 0 0 0 74 0 0 
0 0 0 0 0 83 0 0 0 74 0 0 
0 0 0 0 0 83 0 0 0 74 0 0 
0 0 0 0 0 83 0 0 0 74 0 0 
0 0 0 0 0 83 0 0 0 74 0 0 
0 0 0 0 0 83 0 0 0 74 0 0 
0 0 0 0 0 83 0 0 0 74 0 0 
0 0 0 0 0 83 0 0 0 74 0 0 
0 0 0 0 0 83 0 0 0 74 0 0 
0 0 0 0 0 83 0 0 0 74 0 0 
0 0 0 0 0 83 0 0 0 74 0 0 
0 0 0 0 0 83 0 0 0 74 0 0 
0 0 0 0 0 83 0 0 0 74 0 0 
0 0 0 0 0 83 0 0 0 74 0 0 
0 0 0 0 0 83 0 0 0 74 0 0 
0 0 0 0 0 83 0 0 0 74 0 0 
0 0 0 0 0 83 0 0 0 74 0 0 
0 0 0 0 0 83 0 0 0 74 0 0 
0 0 0 0 0 83 0 0 0 74 0 0 
0 0 0 0 0 83 0 0 0 74 0 0 
0 0 0 0 0 83 0 0 0 74 0 0 
0 0 0 0 0 83 0 0 0 74 0 0 
0 0 0 0 0 83 0 0 0 74 0 0 
0 0 0 0 0 83 0 0 0 74 0 0 
0 0 0 0 0 83 0 0 0 74 0 0 
0 0 0 0 0 83 0 0 0 74 0 0 
0 0 0 0 0 83 0 0 0 74 0 0 
0 0 0 0 0 83 0 0 0 74 0 0 
0 0 0 0 0 83 0 0 0 74 0 0 
0 0 0 0 0 83 0 0 0 74 0 0 
0 0 0 0 0 83 0 0 0 74 0 0 
0 0 0 0 0 83 0 0 0 74 0 0 
0 0 0 0 0 83 0 0 0 74 0 0 
0 0 0 0 0 83 0 0 0 74 0 0 
0 0 0 0 0 83 0 0 0 0 0 0 
0 0 0 0 0 83 0 0 0 0 0 0 
0 0 0 0 0 83 0 0 0 0 0 0 
0 0 0 0 0 83 0 0 0 0 0 0 
0 0 0 0 0 83 0 0 0 0 0 0 
0 0 0 0 0 83 0 0 0 0 0 0 
0 0 0 0 0 83 0 0 0 0 0 0 
0 0 0 0 0 83 0 0 0 0 0 0 
0 0 0 0 0 83 0 0 0 0 0 0 
0 0 0 0 0 83 0 0 0 0 0 0 
0 0 0 0 0 83 0 0 0 0 0 0 
0 0 0 0 0 83 0 0 0 0 0 0 
0 0 0 0 0 83 0 0 0 0 0 0 
0 0 0 0 0 83 0 0 0 0 0 0 
0 0 0 0 0 83 0 0 0 0 0 0 
0 0 0 0 0 83 0 0 0 0 0 0 
0 0 0 0 0 83 0 0 0 0 0 0 
0 0 0 0 0 83 0 0 0 0 0 0 
0 0 0 0 0 83 0 0 0 0 0 0 
0 0 0 0 0 83 0 0 0 0 0 0 
0 0 0 0 0 83 0 0 0 0 0 0 
0 0 0 0 0 83 0 0 0 0 0 0 
0 0 0 0 0 83 0 0 0 0 0 0 
0 0 0 0 0 83 0 0 0 0 0 0 
0 0 0 0 0 83 0 0 0 0 0 0 
0 0 0 0 0 83 0 0 0 0 0 0 
0 0 0 0 0 83 0 0 0 0 0 0 
0 0 0 0 0 83 0 0 0 0 0 0 
0 0 0 0 0 83 0 0 0 0 0 0 
0 0 0 0 0 83 0 0 0 0 0 0 
80 0 0 0 0 0 0 0 0 0 0 0 
80 0 0 0 0 0 0 0 0 0 0 0 
80 0 0 0 0 0 0 0 0 0 0 0 
80 0 0 0 0 0 0 0 0 0 0 0 
80 0 0 0 0 0 0 0 0 0 0 0 
80 0 0 0 0 0 0 0 0 0 0 0 
80 0 0 0 0 0 0 0 0 0 0 0 
80 0 0 0 0 0 0 0 0 0 0 0 
80 0 0 0 0 0 0 0 0 0 0 0 
80 0 0 0 0 0 0 0 0 0 0 0 
80 0 0 0 0 0 0 0 0 0 0 0 
80 0 0 0 0 0 0 0 0 0 0 0 
80 0 0 0 0 0 0 0 0 0 0 0 
80 0 0 0 0 0 0 0 0 0 0 0 
80 0 0 0 0 0 0 0 0 0 0 0 
80 0 0 0 0 0 0 0 0 0 0 0 
80 0 0 0 0 0 0 0 0 0 0 0 
80 0 0 0 0 0 0 0 0 0 0 0 
80 0 0 0 0 0 0 0 0 0 0 0 
80 0 0 0 0 0 0 0 0 0 0 0 
80 0 0 0 0 0 0 0 0 0 0 0 
80 0 0 0 0 0 0 0 0 0 0 0 
80 0 0 0 0 0 0 0 0 0 0 0 
80 0 0 0 0 0 0 0 0 0 0 0 
80 0 0 0 0 0 0 0 0 0 0 0 
80 0 0 0 0 0 0 0 0 0 0 0 
80 0 0 0 0 0 0 0 0 0 0 0 
80 0 0 0 0 0 0 0 0 0 0 0 
80 0 0 0 0 0 0 0 0 0 0 0 
80 0 0 0 0 0 0 0 0 0 0 0 
80 0 0 0 0 0 0 0 0 0 0 0 
80 0 0 0 0 0 0 0 0 0 0 0 
80 0 0 0 0 0 0 0 0 0 0 0 
80 0 0 0 0 0 0 0 0 0 0 0 
80 0 0 0 0 0 0 0 0 0 0 0 
80 0 0 0 0 0 0 0 0 0 0 0 
80 0 0 0 0 0 0 0 0 0 0 0 
80 0 0 0 0 0 0 0 0 0 0 0 
80 0 0 0 0 0 0 0 0 0 0 0 
80 0 0 0 0 0 0 0 0 0 0 0 
80 0 0 0 0 0 0 0 0 0 0 0 
80 0 0 0 0 0 0 0 0 0 0 0 
80 0 0 0 0 0 0 0 0 0 0 0 
80 0 0 0 0 0 0 0 0 0 0 0 
80 0 0 0 0 0 0 0 0 0 0 0 
80 0 0 0 0 0 0 0 0 0 0 0 
80 0 0 0 0 0 0 0 0 0 0 0 
80 0 0 0 0 0 0 0 0 0 0 0 
80 0 0 0 0 0 0 0 0 0 0 0 
80 0 0 0 0 0 0 0 0 0 0 0 
80 0 0 0 0 0 0 0 0 0 0 0 
80 0 0 0 0 0 0 0 0 0 0 0 
80 0 0 0 0 0 0 0 0 0 0 0 
80 0 0 0 0 0 0 0 0 0 0 0 
80 0 0 0 0 0 0 0 0 0 0 0 
80 0 0 0 0 0 0 0 0 0 0 0 
80 0 0 0 0 0 0 0 0 0 0 0 
80 0 0 0 0 0 0 0 0 0 0 0 
80 0 0 0 0 0 0 0 0 0 0 0 
80 0 0 0 0 0 0 0 0 0 0 0 
80 0 0 0 0 0 0 0 0 0 0 0 
80 0 0 0 0 0 0 0 0 0 0 0 
80 0 0 0 0 0 0 0 0 0 0 0 
80 0 0 0 0 0 0 0 0 0 0 0 
80 0 0 0 0 0 0 0 0 0 0 0 
80 0 0 0 0 0 0 0 0 0 0 0 
80 0 0 0 0 0 0 0 0 0 0 0 
80 0 0 0 0 0 0 0 0 0 0 0 
80 0 0 0 0 0 0 0 0 0 0 0 
80 0 0 0 0 0 0 0 0 0 0 0 
80 0 0 0 0 0 0 0 0 0 0 0 
80 0 0 0 0 0 0 0 0 0 0 0 
80 0 0 0 0 0 0 0 0 0 0 0 
80 0 0 0 0 0 0 0 0 0 0 0 
80 0 0 0 0 0 0 0 0 0 0 0 
80 0 0 0 0 0 0 0 0 0 0 0 
80 0 0 0 0 0 0 0 0 0 0 0 
80 0 0 0 0 0 0 0 0 0 0 0 
80 0 0 0 0 0 0 0 0 0 0 0 
80 0 0 0 0 0 0 0 0 0 0 0 
80 0 0 0 0 0 0 0 0 0 0 0 
80 0 0 0 0 0 0 0 0 0 0 0 
80 0 0 0 0 0 0 0 0 0 0 0 
80 0 0 0 0 0 0 0 0 0 0 0 
80 0 0 0 0 0 0 0 0 0 0 0 
80 0 0 0 0 0 0 0 0 0 0 0 
80 0 0 0 0 0 0 0 0 0 0 0 
80 0 0 0 0 0 0 0 0 0 0 0 
80 0 0 0 0 0 0 0 0 0 0 0 
80 0 0 0 0 0 0 0 0 0 0 0 
80 0 0 0 0 0 0 0 0 0 0 0 
80 0 0 0 0 0 0 0 0 0 0 0 
80 0 0 0 0 0 0 0 0 0 0 0 
80 0 0 0 0 0 0 0 0 0 0 0 
80 0 0 0 0 0 0 0 0 0 0 0 
80 0 0 0 0 0 0 0 0 0 0 0 
80 0 0 0 0 0 0 0 0 0 0 0 
80 0 0 0 0 0 0 0 0 0 0 0 
80 0 0 0 0 0 0 0 0 0 0 0 
80 0 0 0 0 0 0 0 0 0 0 0 
82 0 0 0 0 0 0 0 0 0 0 0 
82 0 0 0 0 0 0 0 0 0 0 0 
82 0 0 0 0 0 0 0 0 0 0 0 
82 0 0 0 0 0 0 0 0 0 0 0 
82 0 0 0 0 0 0 0 0 0 0 0 
82 0 0 0 0 0 0 0 0 0 0 0 
82 0 0 0 0 0 0 0 0 0 0 0 
82 0 0 0 0 0 0 0 0 0 0 0 
82 0 0 0 0 0 0 0 0 0 0 0 
82 0 0 0 0 0 0 0 0 0 0 0 
82 0 0 0 0 0 0 0 0 0 0 0 
82 0 0 0 0 0 0 0 0 0 0 0 
82 0 0 0 0 0 0 0 0 0 0 0 
82 0 0 0 0 0 0 0 0 0 0 0 
82 0 0 0 0 0 0 0 0 0 0 0 
82 0 0 0 0 0 0 0 0 0 0 0 
82 0 0 0 0 0 0 0 0 0 0 0 
82 0 0 0 0 0 0 0 0 0 0 0 
82 0 0 0 0 0 0 0 0 0 0 0 
82 0 0 0 0 0 0 0 0 0 0 0 
82 0 0 0 0 0 0 0 0 0 0 0 
82 0 0 0 0 0 0 0 0 0 0 0 
82 0 0 0 0 0 0 0 0 0 0 0 
82 0 0 0 0 0 0 0 0 0 0 0 
82 0 0 0 0 0 0 0 0 0 0 0 
82 0 0 0 0 0 0 0 0 0 0 0 
82 0 0 0 0 0 0 0 0 0 0 0 
82 0 0 0 0 0 0 0 0 0 0 0 
82 0 0 0 0 0 0 0 0 0 0 0 
82 0 0 0 0 0 0 0 0 0 0 0 
82 0 0 0 0 0 0 0 0 0 0 0 
82 0 0 0 0 0 0 0 0 0 0 0 
82 0 0 0 0 0 0 0 0 0 0 0 
82 0 0 0 0 0 0 0 0 0 0 0 
82 0 0 0 0 0 0 0 0 0 0 0 
82 0 0 0 0 0 0 0 0 0 0 0 
82 0 0 0 0 0 0 0 0 0 0 0 
82 0 0 0 0 0 0 0 0 0 0 0 
82 0 0 0 0 0 0 0 0 0 0 0 
82 0 0 0 0 0 0 0 0 0 0 0 
82 0 0 0 0 0 0 0 0 0 0 0 
82 0 0 0 0 0 0 0 0 0 0 0 
82 0 0 0 0 0 0 0 0 0 0 0 
82 0 0 0 0 0 0 0 0 0 0 0 
82 0 0 0 0 0 0 0 0 0 0 0 
82 0 0 0 0 0 0 0 0 0 0 0 
82 0 0 0 0 0 0 0 0 0 0 0 
82 0 0 0 0 0 0 0 0 0 0 0 
82 0 0 0 0 0 0 0 0 0 0 0 
82 0 0 0 0 0 0 0 0 0 0 0 
82 0 0 0 0 0 0 0 0 0 0 0 
82 0 0 0 0 0 0 0 0 0 0 0 
82 0 0 0 0 0 0 0 0 0 0 0 
82 0 0 0 0 0 0 0 0 0 0 0 
82 0 0 0 0 0 0 0 0 0 0 0 
82 0 0 0 0 0 0 0 0 0 0 0 
82 0 0 0 0 0 0 0 0 0 0 0 
82 0 0 0 0 0 0 0 0 0 0 0 
82 0 0 0 0 0 0 0 0 0 0 0 
82 0 0 0 0 0 0 0 0 0 0 0 
82 0 0 0 0 0 0 0 0 0 0 0 
82 0 0 0 0 0 0 0 0 0 0 0 
82 0 0 0 0 0 0 0 0 0 0 0 
82 0 0 0 0 0 0 0 0 0 0 0 
82 0 0 0 0 0 0 0 0 0 0 0 
82 0 0 0 0 0 0 0 0 0 0 0 
82 0 0 0 0 0 0 0 0 0 0 0 
82 0 0 0 0 0 0 0 0 0 0 0 
82 0 0 0 0 0 0 0 0 0 0 0 
82 0 0 0 0 0 0 0 0 0 0 0 
82 0 0 0 0 0 0 0 0 0 0 0 
82 0 0 0 0 0 0 0 0 0 0 0 
82 0 0 0 0 0 0 0 0 0 0 0 
82 0 0 0 0 0 0 0 0 0 0 0 
82 0 0 0 0 0 0 0 0 0 0 0 
82 0 0 0 0 0 0 0 0 0 0 0 
82 0 0 0 0 0 0 0 0 0 0 0 
82 0 0 0 0 0 0 0 0 0 0 0 
82 0 0 0 0 0 0 0 0 0 0 0 
82 0 0 0 0 0 0 0 0 0 0 0 
82 0 0 0 0 0 0 0 0 0 0 0 
82 0 0 0 0 0 0 0 0 0 0 0 
82 0 0 0 0 0 0 0 0 0 0 0 
82 0 0 0 0 0 0 0 0 0 0 0 
82 0 0 0 0 0 0 0 0 0 0 0 
82 0 0 0 0 0 0 0 0 0 0 0 
82 0 0 0 0 0 0 0 0 0 0 0 
82 0 0 0 0 0 0 0 0 0 0 0 
82 0 0 0 0 0 0 0 0 0 0 0 
82 0 0 0 0 0 0 0 0 0 0 0 
82 0 0 0 0 0 0 0 0 0 0 0 
82 0 0 0 0 0 0 0 0 0 0 0 
82 0 0 0 0 0 0 0 0 0 0 0 
82 0 0 0 0 0 0 0 0 0 0 0 
82 0 0 0 0 0 0 0 0 0 0 0 
82 0 0 0 0 0 0 0 0 0 0 0 
82 0 0 0 0 0 0 0 0 0 0 0 
82 0 0 0 0 0 0 0 0 0 0 0 
82 0 0 0 0 0 0 0 0 0 0 0 
82 0 0 0 0 0 0 0 0 0 0 0 
82 0 0 0 0 0 0 0 0 0 0 0 
82 0 0 0 0 0 0 0 0 0 0 0 
82 0 0 0 0 0 0 0 0 0 0 0 
82 0 0 0 0 0 0 0 0 0 0 0 
82 0 0 0 0 0 0 0 0 0 0 0 
82 0 0 0 0 0 0 0 0 0 0 0 
82 0 0 0 0 0 0 0 0 0 0 0 
82 0 0 0 0 0 0 0 0 0 0 0 
82 0 0 0 0 0 0 0 0 0 0 0 
82 0 0 0 0 0 0 0 0 0 0 0 
82 0 0 0 0 0 0 0 0 0 0 0 
82 0 0 0 0 0 0 0 0 0 0 0 
82 0 0 0 0 0 0 0 0 0 0 0 
82 0 0 0 0 0 0 0 0 0 0 0 
82 0 0 0 0 0 0 0 0 0 0 0 
82 0 0 0 0 0 0 0 0 0 0 0 
82 0 0 0 0 0 0 0 0 0 0 0 
82 0 0 0 0 0 0 0 0 0 0 0 
82 0 0 0 0 0 0 0 0 0 0 0 
82 0 0 0 0 0 0 0 0 0 0 0 
82 0 0 0 0 0 0 0 0 0 0 0 
82 0 0 0 0 0 0 0 0 0 0 0 
82 0 0 0 0 0 0 0 0 0 0 0 
82 0 0 0 0 0 0 0 0 0 0 0 
82 0 0 0 0 0 0 0 0 0 0 0 
82 0 0 0 0 0 0 0 0 0 0 0 
82 0 0 0 0 0 0 0 0 0 0 0 
82 0 0 0 0 0 0 0 0 0 0 0 
82 0 0 0 0 0 0 0 0 0 0 0 
82 0 0 0 0 0 0 0 0 0 0 0 
82 0 0 0 0 0 0 0 0 0 0 0 
82 0 0 0 0 0 0 0 0 0 0 0 
82 0 0 0 0 0 0 0 0 0 0 0 
82 0 0 0 0 0 0 0 0 0 0 0 
82 0 0 0 0 0 0 0 0 0 0 0 
82 0 0 0 0 0 0 0 0 0 0 0 
82 0 0 0 0 0 0 0 0 0 0 0 
82 0 0 0 0 0 0 0 0 0 0 0 
82 0 0 0 0 0 0 0 0 0 0 0 
82 0 0 0 0 0 0 0 0 0 0 0 
82 0 0 0 0 0 0 0 0 0 0 0 
82 0 0 0 0 0 0 0 0 0 0 0 
82 0 0 0 0 0 0 0 0 0 0 0 
82 0 0 0 0 0 0 0 0 0 0 0 
82 0 0 0 0 0 0 0 0 0 0 0 
82 0 0 0 0 0 0 0 0 0 0 0 
82 0 0 0 0 0 0 0 0 0 0 0 
82 0 0 0 0 0 0 0 0 0 0 0 
82 0 0 0 0 0 0 0 0 0 0 0 
82 0 0 0 0 0 0 0 0 0 0 0 
82 0 0 0 0 0 0 0 0 0 0 0 
82 0 0 0 0 0 0 0 0 0 0 0 
82 0 0 0 0 0 0 0 0 0 0 0 
82 0 0 0 0 0 0 0 0 0 0 0 
82 0 0 0 0 0 0 0 0 0 0 0 
82 0 0 0 0 0 0 0 0 0 0 0 
82 0 0 0 0 0 0 0 0 0 0 0 
82 0 0 0 0 0 0 0 0 0 0 0 
82 0 0 0 0 0 0 0 0 0 0 0 
82 0 0 0 0 0 0 0 0 0 0 0 
82 0 0 0 0 0 0 0 0 0 0 0 
82 0 0 0 0 0 0 0 0 0 0 0 
82 0 0 0 0 0 0 0 0 0 0 0 
82 0 0 0 0 0 0 0 0 0 0 0 
82 0 0 0 0 0 0 0 0 0 0 0 
82 0 0 0 0 0 0 0 0 0 0 0 
82 0 0 0 0 0 0 0 0 0 0 0 
82 0 0 0 0 0 0 0 0 0 0 0 
82 0 0 0 0 0 0 0 0 0 0 0 
82 0 0 0 0 0 0 0 0 0 0 0 
82 0 0 0 0 0 0 0 0 0 0 0 
82 0 0 0 0 0 0 0 0 0 0 0 
82 0 0 0 0 0 0 0 0 0 0 0 
82 0 0 0 0 0 0 0 0 0 0 0 
82 0 0 0 0 0 0 0 0 0 0 0 
82 0 0 0 0 0 0 0 0 0 0 0 
82 0 0 0 0 0 0 0 0 0 0 0 
82 0 0 0 0 0 0 0 0 0 0 0 
82 0 0 0 0 0 0 0 0 0 0 0 
82 0 0 0 0 0 0 0 0 0 0 0 
82 0 0 0 0 0 0 0 0 0 0 0 
82 0 0 0 0 0 0 0 0 0 0 0 
82 0 0 0 0 0 0 0 0 0 0 0 
82 0 0 0 0 0 0 0 0 0 0 0 
82 0 0 0 0 0 0 0 0 0 0 0 
82 0 0 0 0 0 0 0 0 0 0 0 
82 0 0 0 0 0 0 0 0 0 0 0 
82 0 0 0 0 0 0 0 0 0 0 0 
82 0 0 0 0 0 0 0 0 0 0 0 
82 0 0 0 0 0 0 0 0 0 0 0 
82 0 0 0 0 0 0 0 0 0 0 0 
82 0 0 0 0 0 0 0 0 0 0 0 
82 0 0 0 0 0 0 0 0 0 0 0 
82 0 0 0 0 0 0 0 0 0 0 0 
82 0 0 0 0 0 0 0 0 0 0 0 
82 0 0 0 0 0 0 0 0 0 0 0 
82 0 0 0 0 0 0 0 0 0 0 0 
82 0 0 0 0 0 0 0 0 0 0 0 
82 0 0 0 0 0 0 0 0 0 0 0 
82 0 0 0 0 0 0 0 0 0 0 0 
82 0 0 0 0 0 0 0 0 0 0 0 
82 0 0 0 0 0 0 0 0 0 0 0 
82 0 0 0 0 0 0 0 0 0 0 0 
82 0 0 0 0 0 0 0 0 0 0 0 
82 0 0 0 0 0 0 0 0 0 0 0 
82 0 0 0 0 0 0 0 0 0 0 0 
82 0 0 0 0 0 0 0 0 0 0 0 
82 0 0 0 0 0 0 0 0 0 0 0 
82 0 0 0 0 0 0 0 0 0 0 0 
82 0 0 0 0 0 0 0 0 0 0 0 
82 0 0 0 0 0 0 0 0 0 0 0 
82 0 0 0 0 0 0 0 0 0 0 0 
82 0 0 0 0 0 0 0 0 0 0 0 
82 0 0 0 0 0 0 0 0 0 0 0 
82 0 0 0 0 0 0 0 0 0 0 0 
82 0 0 0 0 0 0 0 0 0 0 0 
82 0 0 0 0 0 0 0 0 0 0 0 
82 0 0 0 0 0 0 0 0 0 0 0 
82 0 0 0 0 0 0 0 0 0 0 0 
82 0 0 0 0 0 0 0 0 0 0 0 
82 0 0 0 0 0 0 0 0 0 0 0 
82 0 0 0 0 0 0 0 0 0 0 0 
82 0 0 0 0 0 0 0 0 0 0 0 
82 0 0 0 0 0 0 0 0 0 0 0 
82 0 0 0 0 0 0 0 0 0 0 0 
82 0 0 0 0 0 0 0 0 0 0 0 
82 0 0 0 0 0 0 0 0 0 0 0 
82 0 0 0 0 0 0 0 0 0 0 0 
82 0 0 0 0 0 0 0 0 0 0 0 
82 0 0 0 0 0 0 0 0 0 0 0 
0 0 0 0 0 0 0 0 0 0 0 0 
