PE_L1_1 PE_L1_2 PE_L1_3 PE_L1_4 PE_L2_1 PE_L2_2 PE_L2_3 PE_L2_4 PE_L3_1 PE_L3_2 PE_L3_3 PE_L3_4 
0 0 38 20 0 0 24 0 50 34 85 0 
0 0 38 20 0 0 24 0 50 34 85 0 
0 0 38 20 0 0 24 0 50 34 85 0 
0 0 38 20 0 0 24 0 50 34 85 0 
0 0 38 20 0 0 24 0 50 34 85 0 
0 0 38 20 0 0 24 0 50 34 85 0 
0 0 38 20 0 0 24 0 50 34 85 0 
0 0 38 20 0 0 24 0 50 34 85 0 
0 0 38 20 0 0 24 0 50 34 85 0 
0 0 38 20 0 0 24 0 50 34 85 0 
0 0 38 20 0 0 24 84 50 34 23 64 
0 0 38 20 0 0 24 84 50 34 23 64 
0 0 38 20 0 0 24 84 50 34 23 64 
0 0 38 20 0 0 24 84 50 34 23 64 
0 0 38 20 0 0 24 84 50 34 23 64 
0 0 38 20 0 0 24 84 50 34 23 64 
0 0 38 20 0 0 24 84 50 34 23 64 
0 0 38 20 0 0 24 84 50 34 23 64 
0 0 38 20 0 0 24 84 50 34 23 64 
0 0 38 20 0 0 24 84 50 34 23 64 
0 0 38 20 0 0 24 81 50 34 0 54 
0 0 38 20 0 0 24 81 50 34 0 54 
0 0 38 20 0 0 24 81 50 34 0 54 
0 0 38 20 0 0 24 81 50 34 0 54 
0 0 38 20 0 0 24 81 50 34 0 54 
0 0 38 20 0 0 24 81 50 34 0 54 
0 0 38 20 0 0 24 81 50 34 0 54 
0 0 38 20 0 0 24 81 50 34 0 54 
0 0 38 20 0 0 24 81 50 34 0 54 
0 0 38 20 0 0 24 81 50 34 0 54 
0 0 38 26 0 0 24 81 50 34 0 54 
0 0 38 26 0 0 24 81 50 34 0 54 
0 0 38 26 0 0 24 81 50 34 0 54 
0 0 38 26 0 0 24 81 50 34 0 54 
0 0 38 26 0 0 24 81 50 34 0 54 
0 0 38 26 0 0 24 81 50 34 0 54 
0 0 38 26 0 0 24 81 50 34 0 54 
0 0 38 26 0 0 24 81 50 34 0 54 
0 0 38 26 0 0 24 81 50 34 0 54 
0 0 38 26 0 0 24 81 50 34 0 54 
0 0 38 26 0 0 24 81 50 34 0 51 
0 0 38 26 0 0 24 81 50 34 0 51 
0 0 38 26 0 0 24 81 50 34 0 51 
0 0 38 26 0 0 24 81 50 34 0 51 
0 0 38 26 0 0 24 81 50 34 0 51 
0 0 38 26 0 0 24 81 50 34 0 51 
0 0 38 26 0 0 24 81 50 34 0 51 
0 0 38 26 0 0 24 81 50 34 0 51 
0 0 38 26 0 0 24 81 50 34 0 51 
0 0 38 26 0 0 24 81 50 34 0 51 
0 0 38 26 0 0 24 81 50 34 0 51 
0 0 38 26 0 0 24 81 50 34 0 51 
0 0 38 26 0 0 24 81 50 34 0 51 
0 0 38 26 0 0 24 81 50 34 0 51 
0 0 38 26 0 0 24 81 50 34 0 51 
0 0 38 26 0 0 24 81 50 34 0 51 
0 0 38 26 0 0 24 81 50 34 0 51 
0 0 38 26 0 0 24 81 50 34 0 51 
0 0 38 26 0 0 24 81 50 34 0 51 
0 0 38 26 0 0 24 81 50 34 0 51 
0 0 38 26 0 34 24 81 50 0 0 51 
0 0 38 26 0 34 24 81 50 0 0 51 
0 0 38 26 0 34 24 81 50 0 0 51 
0 0 38 26 0 34 24 81 50 0 0 51 
0 0 38 26 0 34 24 81 50 0 0 51 
0 0 38 26 0 34 24 81 50 0 0 51 
0 0 38 26 0 34 24 81 50 0 0 51 
0 0 38 26 0 34 24 81 50 0 0 51 
0 0 38 26 0 34 24 81 50 0 0 51 
0 0 38 26 0 34 24 81 50 0 0 51 
0 0 38 26 0 34 24 81 50 0 0 51 
0 0 38 26 0 34 24 81 50 0 0 51 
0 0 38 26 0 34 24 81 50 0 0 51 
0 0 38 26 0 34 24 81 50 0 0 51 
0 0 38 26 0 34 24 81 50 0 0 51 
0 0 38 26 0 34 24 81 50 0 0 51 
0 0 38 26 0 34 24 81 50 0 0 51 
0 0 38 26 0 34 24 81 50 0 0 51 
0 0 38 26 0 34 24 81 50 0 0 51 
0 0 38 26 0 34 24 81 50 0 0 51 
0 0 38 26 0 34 24 81 50 0 0 51 
0 0 38 26 0 34 24 81 50 0 0 51 
0 0 38 26 0 34 24 81 50 0 0 51 
0 0 38 26 0 34 24 81 50 0 0 51 
0 0 38 26 0 34 24 81 50 0 0 51 
0 0 38 26 0 34 24 81 50 0 0 51 
0 0 38 26 0 34 24 81 50 0 0 51 
0 0 38 26 0 34 24 81 50 0 0 51 
0 0 38 26 0 34 24 81 50 0 0 51 
0 0 38 26 0 34 24 81 50 0 0 51 
0 0 38 0 0 34 24 81 50 0 0 51 
0 0 38 0 0 34 24 81 50 0 0 51 
0 0 38 0 0 34 24 81 50 0 0 51 
0 0 38 0 0 34 24 81 50 0 0 51 
0 0 38 0 0 34 24 81 50 0 0 51 
0 0 38 0 0 34 24 81 50 0 0 51 
0 0 38 0 0 34 24 81 50 0 0 51 
0 0 38 0 0 34 24 81 50 0 0 51 
0 0 38 0 0 34 24 81 50 0 0 51 
0 0 38 0 0 34 24 81 50 0 0 51 
0 0 38 0 0 34 24 81 50 0 0 51 
0 0 38 0 0 34 24 81 50 0 0 51 
0 0 38 0 0 34 24 81 50 0 0 51 
0 0 38 0 0 34 24 81 50 0 0 51 
0 0 38 0 0 34 24 81 50 0 0 51 
0 0 38 0 0 34 24 81 50 0 0 51 
0 0 38 0 0 34 24 81 50 0 0 51 
0 0 38 0 0 34 24 81 50 0 0 51 
0 0 38 0 0 34 24 81 50 0 0 51 
0 0 38 0 0 34 24 81 50 0 0 51 
0 0 0 0 0 34 24 81 50 0 0 51 
0 0 0 0 0 34 24 81 50 0 0 51 
0 0 0 0 0 34 24 81 50 0 0 51 
0 0 0 0 0 34 24 81 50 0 0 51 
0 0 0 0 0 34 24 81 50 0 0 51 
0 0 0 0 0 34 24 81 50 0 0 51 
0 0 0 0 0 34 24 81 50 0 0 51 
0 0 0 0 0 34 24 81 50 0 0 51 
0 0 0 0 0 34 24 81 50 0 0 51 
0 0 0 0 0 34 24 81 50 0 0 51 
0 0 0 0 0 34 24 95 79 0 0 51 
0 0 0 0 0 34 24 95 79 0 0 51 
0 0 0 0 0 34 24 95 79 0 0 51 
0 0 0 0 0 34 24 95 79 0 0 51 
0 0 0 0 0 34 24 95 79 0 0 51 
0 0 0 0 0 34 24 95 79 0 0 51 
0 0 0 0 0 34 24 95 79 0 0 51 
0 0 0 0 0 34 24 95 79 0 0 51 
0 0 0 0 0 34 24 95 79 0 0 51 
0 0 0 0 0 34 24 95 79 0 0 51 
0 0 0 0 0 34 24 95 79 0 0 51 
0 0 0 0 0 34 24 95 79 0 0 51 
0 0 0 0 0 34 24 95 79 0 0 51 
0 0 0 0 0 34 24 95 79 0 0 51 
0 0 0 0 0 34 24 95 79 0 0 51 
0 0 0 0 0 34 24 95 79 0 0 51 
0 0 0 0 0 34 24 95 79 0 0 51 
0 0 0 0 0 34 24 95 79 0 0 51 
0 0 0 0 0 34 24 95 79 0 0 51 
0 0 0 0 0 34 24 95 79 0 0 51 
0 0 0 0 0 34 24 95 79 0 0 51 
0 0 0 0 0 34 24 95 79 0 0 51 
0 0 0 0 0 34 24 95 79 0 0 51 
0 0 0 0 0 34 24 95 79 0 0 51 
0 0 0 0 0 34 24 95 79 0 0 51 
0 0 0 0 0 34 24 95 79 0 0 51 
0 0 0 0 0 34 24 95 79 0 0 51 
0 0 0 0 0 34 24 95 79 0 0 51 
0 0 0 0 0 34 24 95 79 0 0 51 
0 0 0 0 0 34 24 95 79 0 0 51 
0 0 0 0 0 34 24 0 79 0 81 51 
0 0 0 0 0 34 24 0 79 0 81 51 
0 0 0 0 0 34 24 0 79 0 81 51 
0 0 0 0 0 34 24 0 79 0 81 51 
0 0 0 0 0 34 24 0 79 0 81 51 
0 0 0 0 0 34 24 0 79 0 81 51 
0 0 0 0 0 34 24 0 79 0 81 51 
0 0 0 0 0 34 24 0 79 0 81 51 
0 0 0 0 0 34 24 0 79 0 81 51 
0 0 0 0 0 34 24 0 79 0 81 51 
0 0 0 0 0 34 24 0 79 0 81 51 
0 0 0 0 0 34 24 0 79 0 81 51 
0 0 0 0 0 34 24 0 79 0 81 51 
0 0 0 0 0 34 24 0 79 0 81 51 
0 0 0 0 0 34 24 0 79 0 81 51 
0 0 0 0 0 34 24 0 79 0 81 51 
0 0 0 0 0 34 24 0 79 0 81 51 
0 0 0 0 0 34 24 0 79 0 81 51 
0 0 0 0 0 34 24 0 79 0 81 51 
0 0 0 0 0 34 24 0 79 0 81 51 
0 0 0 0 0 34 24 0 79 0 81 51 
0 0 0 0 0 34 24 0 79 0 81 51 
0 0 0 0 0 34 24 0 79 0 81 51 
0 0 0 0 0 34 24 0 79 0 81 51 
0 0 0 0 0 34 24 0 79 0 81 51 
0 0 0 0 0 34 24 0 79 0 81 51 
0 0 0 0 0 34 24 0 79 0 81 51 
0 0 0 0 0 34 24 0 79 0 81 51 
0 0 0 0 0 34 24 0 79 0 81 51 
0 0 0 0 0 34 24 0 79 0 81 51 
0 0 0 0 32 34 24 0 79 0 81 51 
0 0 0 0 32 34 24 0 79 0 81 51 
0 0 0 0 32 34 24 0 79 0 81 51 
0 0 0 0 32 34 24 0 79 0 81 51 
0 0 0 0 32 34 24 0 79 0 81 51 
0 0 0 0 32 34 24 0 79 0 81 51 
0 0 0 0 32 34 24 0 79 0 81 51 
0 0 0 0 32 34 24 0 79 0 81 51 
0 0 0 0 32 34 24 0 79 0 81 51 
0 0 0 0 32 34 24 0 79 0 81 51 
0 0 0 0 32 34 0 0 79 0 81 51 
0 0 0 0 32 34 0 0 79 0 81 51 
0 0 0 0 32 34 0 0 79 0 81 51 
0 0 0 0 32 34 0 0 79 0 81 51 
0 0 0 0 32 34 0 0 79 0 81 51 
0 0 0 0 32 34 0 0 79 0 81 51 
0 0 0 0 32 34 0 0 79 0 81 51 
0 0 0 0 32 34 0 0 79 0 81 51 
0 0 0 0 32 34 0 0 79 0 81 51 
0 0 0 0 32 34 0 0 79 0 81 51 
0 0 0 0 32 34 0 0 79 0 81 0 
0 0 0 0 32 34 0 0 79 0 81 0 
0 0 0 0 32 34 0 0 79 0 81 0 
0 0 0 0 32 34 0 0 79 0 81 0 
0 0 0 0 32 34 0 0 79 0 81 0 
0 0 0 0 32 34 0 0 79 0 81 0 
0 0 0 0 32 34 0 0 79 0 81 0 
0 0 0 0 32 34 0 0 79 0 81 0 
0 0 0 0 32 34 0 0 79 0 81 0 
0 0 0 0 32 34 0 0 79 0 81 0 
0 0 0 0 0 31 0 0 79 0 81 0 
0 0 0 0 0 31 0 0 79 0 81 0 
0 0 0 0 0 31 0 0 79 0 81 0 
0 0 0 0 0 31 0 0 79 0 81 0 
0 0 0 0 0 31 0 0 79 0 81 0 
0 0 0 0 0 31 0 0 79 0 81 0 
0 0 0 0 0 31 0 0 79 0 81 0 
0 0 0 0 0 31 0 0 79 0 81 0 
0 0 0 0 0 31 0 0 79 0 81 0 
0 0 0 0 0 31 0 0 79 0 81 0 
0 45 0 0 0 0 0 0 79 0 81 0 
0 45 0 0 0 0 0 0 79 0 81 0 
0 45 0 0 0 0 0 0 79 0 81 0 
0 45 0 0 0 0 0 0 79 0 81 0 
0 45 0 0 0 0 0 0 79 0 81 0 
0 45 0 0 0 0 0 0 79 0 81 0 
0 45 0 0 0 0 0 0 79 0 81 0 
0 45 0 0 0 0 0 0 79 0 81 0 
0 45 0 0 0 0 0 0 79 0 81 0 
0 45 0 0 0 0 0 0 79 0 81 0 
0 45 0 0 0 0 0 0 79 0 81 0 
0 45 0 0 0 0 0 0 79 0 81 0 
0 45 0 0 0 0 0 0 79 0 81 0 
0 45 0 0 0 0 0 0 79 0 81 0 
0 45 0 0 0 0 0 0 79 0 81 0 
0 45 0 0 0 0 0 0 79 0 81 0 
0 45 0 0 0 0 0 0 79 0 81 0 
0 45 0 0 0 0 0 0 79 0 81 0 
0 45 0 0 0 0 0 0 79 0 81 0 
0 45 0 0 0 0 0 0 79 0 81 0 
0 45 0 0 0 0 0 0 79 0 81 0 
0 45 0 0 0 0 0 0 79 0 81 0 
0 45 0 0 0 0 0 0 79 0 81 0 
0 45 0 0 0 0 0 0 79 0 81 0 
0 45 0 0 0 0 0 0 79 0 81 0 
0 45 0 0 0 0 0 0 79 0 81 0 
0 45 0 0 0 0 0 0 79 0 81 0 
0 45 0 0 0 0 0 0 79 0 81 0 
0 45 0 0 0 0 0 0 79 0 81 0 
0 45 0 0 0 0 0 0 79 0 81 0 
0 45 0 0 0 0 0 0 79 0 81 0 
0 45 0 0 0 0 0 0 79 0 81 0 
0 45 0 0 0 0 0 0 79 0 81 0 
0 45 0 0 0 0 0 0 79 0 81 0 
0 45 0 0 0 0 0 0 79 0 81 0 
0 45 0 0 0 0 0 0 79 0 81 0 
0 45 0 0 0 0 0 0 79 0 81 0 
0 45 0 0 0 0 0 0 79 0 81 0 
0 45 0 0 0 0 0 0 79 0 81 0 
0 45 0 0 0 0 0 0 79 0 81 0 
0 45 0 0 0 0 0 0 79 0 81 0 
0 45 0 0 0 0 0 0 79 0 81 0 
0 45 0 0 0 0 0 0 79 0 81 0 
0 45 0 0 0 0 0 0 79 0 81 0 
0 45 0 0 0 0 0 0 79 0 81 0 
0 45 0 0 0 0 0 0 79 0 81 0 
0 45 0 0 0 0 0 0 79 0 81 0 
0 45 0 0 0 0 0 0 79 0 81 0 
0 45 0 0 0 0 0 0 79 0 81 0 
0 45 0 0 0 0 0 0 79 0 81 0 
0 45 0 0 0 0 0 0 79 0 81 0 
0 45 0 0 0 0 0 0 79 0 81 0 
0 45 0 0 0 0 0 0 79 0 81 0 
0 45 0 0 0 0 0 0 79 0 81 0 
0 45 0 0 0 0 0 0 79 0 81 0 
0 45 0 0 0 0 0 0 79 0 81 0 
0 45 0 0 0 0 0 0 79 0 81 0 
0 45 0 0 0 0 0 0 79 0 81 0 
0 45 0 0 0 0 0 0 79 0 81 0 
0 45 0 0 0 0 0 0 79 0 81 0 
0 45 0 0 0 0 0 0 79 0 81 0 
0 45 0 0 0 0 0 0 79 0 81 0 
0 45 0 0 0 0 0 0 79 0 81 0 
0 45 0 0 0 0 0 0 79 0 81 0 
0 45 0 0 0 0 0 0 79 0 81 0 
0 45 0 0 0 0 0 0 79 0 81 0 
0 45 0 0 0 0 0 0 79 0 81 0 
0 45 0 0 0 0 0 0 79 0 81 0 
0 45 0 0 0 0 0 0 79 0 81 0 
0 45 0 0 0 0 0 0 79 0 81 0 
0 45 0 0 0 0 0 0 79 0 81 0 
0 45 0 0 0 0 0 0 79 0 81 0 
0 45 0 0 0 0 0 0 79 0 81 0 
0 45 0 0 0 0 0 0 79 0 81 0 
0 45 0 0 0 0 0 0 79 0 81 0 
0 45 0 0 0 0 0 0 79 0 81 0 
0 45 0 0 0 0 0 0 79 0 81 0 
0 45 0 0 0 0 0 0 79 0 81 0 
0 45 0 0 0 0 0 0 79 0 81 0 
0 45 0 0 0 0 0 0 79 0 81 0 
0 0 0 0 0 0 0 0 79 0 81 0 
0 0 0 0 0 0 0 0 79 0 81 0 
0 0 0 0 0 0 0 0 79 0 81 0 
0 0 0 0 0 0 0 0 79 0 81 0 
0 0 0 0 0 0 0 0 79 0 81 0 
0 0 0 0 0 0 0 0 79 0 81 0 
0 0 0 0 0 0 0 0 79 0 81 0 
0 0 0 0 0 0 0 0 79 0 81 0 
0 0 0 0 0 0 0 0 79 0 81 0 
0 0 0 0 0 0 0 0 79 0 81 0 
0 0 0 0 0 0 0 0 79 0 81 0 
0 0 0 0 0 0 0 0 79 0 81 0 
0 0 0 0 0 0 0 0 79 0 81 0 
0 0 0 0 0 0 0 0 79 0 81 0 
0 0 0 0 0 0 0 0 79 0 81 0 
0 0 0 0 0 0 0 0 79 0 81 0 
0 0 0 0 0 0 0 0 79 0 81 0 
0 0 0 0 0 0 0 0 79 0 81 0 
0 0 0 0 0 0 0 0 79 0 81 0 
0 0 0 0 0 0 0 0 79 0 81 0 
0 0 0 0 0 0 0 0 68 0 81 0 
0 0 0 0 0 0 0 0 68 0 81 0 
0 0 0 0 0 0 0 0 68 0 81 0 
0 0 0 0 0 0 0 0 68 0 81 0 
0 0 0 0 0 0 0 0 68 0 81 0 
0 0 0 0 0 0 0 0 68 0 81 0 
0 0 0 0 0 0 0 0 68 0 81 0 
0 0 0 0 0 0 0 0 68 0 81 0 
0 0 0 0 0 0 0 0 68 0 81 0 
0 0 0 0 0 0 0 0 68 0 81 0 
0 0 0 0 0 0 0 0 68 0 81 0 
0 0 0 0 0 0 0 0 68 0 81 0 
0 0 0 0 0 0 0 0 68 0 81 0 
0 0 0 0 0 0 0 0 68 0 81 0 
0 0 0 0 0 0 0 0 68 0 81 0 
0 0 0 0 0 0 0 0 68 0 81 0 
0 0 0 0 0 0 0 0 68 0 81 0 
0 0 0 0 0 0 0 0 68 0 81 0 
0 0 0 0 0 0 0 0 68 0 81 0 
0 0 0 0 0 0 0 0 68 0 81 0 
0 0 0 0 0 0 0 0 68 0 81 0 
0 0 0 0 0 0 0 0 68 0 81 0 
0 0 0 0 0 0 0 0 68 0 81 0 
0 0 0 0 0 0 0 0 68 0 81 0 
0 0 0 0 0 0 0 0 68 0 81 0 
0 0 0 0 0 0 0 0 68 0 81 0 
0 0 0 0 0 0 0 0 68 0 81 0 
0 0 0 0 0 0 0 0 68 0 81 0 
0 0 0 0 0 0 0 0 68 0 81 0 
0 0 0 0 0 0 0 0 68 0 81 0 
0 0 0 0 0 0 0 94 68 0 0 0 
0 0 0 0 0 0 0 94 68 0 0 0 
0 0 0 0 0 0 0 94 68 0 0 0 
0 0 0 0 0 0 0 94 68 0 0 0 
0 0 0 0 0 0 0 94 68 0 0 0 
0 0 0 0 0 0 0 94 68 0 0 0 
0 0 0 0 0 0 0 94 68 0 0 0 
0 0 0 0 0 0 0 94 68 0 0 0 
0 0 0 0 0 0 0 94 68 0 0 0 
0 0 0 0 0 0 0 94 68 0 0 0 
0 0 0 0 0 0 0 94 68 0 0 0 
0 0 0 0 0 0 0 94 68 0 0 0 
0 0 0 0 0 0 0 94 68 0 0 0 
0 0 0 0 0 0 0 94 68 0 0 0 
0 0 0 0 0 0 0 94 68 0 0 0 
0 0 0 0 0 0 0 94 68 0 0 0 
0 0 0 0 0 0 0 94 68 0 0 0 
0 0 0 0 0 0 0 94 68 0 0 0 
0 0 0 0 0 0 0 94 68 0 0 0 
0 0 0 0 0 0 0 94 68 0 0 0 
0 0 0 0 0 0 0 94 68 0 0 0 
0 0 0 0 0 0 0 94 68 0 0 0 
0 0 0 0 0 0 0 94 68 0 0 0 
0 0 0 0 0 0 0 94 68 0 0 0 
0 0 0 0 0 0 0 94 68 0 0 0 
0 0 0 0 0 0 0 94 68 0 0 0 
0 0 0 0 0 0 0 94 68 0 0 0 
0 0 0 0 0 0 0 94 68 0 0 0 
0 0 0 0 0 0 0 94 68 0 0 0 
0 0 0 0 0 0 0 94 68 0 0 0 
0 0 0 0 0 0 0 94 68 0 0 0 
0 0 0 0 0 0 0 94 68 0 0 0 
0 0 0 0 0 0 0 94 68 0 0 0 
0 0 0 0 0 0 0 94 68 0 0 0 
0 0 0 0 0 0 0 94 68 0 0 0 
0 0 0 0 0 0 0 94 68 0 0 0 
0 0 0 0 0 0 0 94 68 0 0 0 
0 0 0 0 0 0 0 94 68 0 0 0 
0 0 0 0 0 0 0 94 68 0 0 0 
0 0 0 0 0 0 0 94 68 0 0 0 
0 0 0 0 0 0 0 94 68 0 0 0 
0 0 0 0 0 0 0 94 68 0 0 0 
0 0 0 0 0 0 0 94 68 0 0 0 
0 0 0 0 0 0 0 94 68 0 0 0 
0 0 0 0 0 0 0 94 68 0 0 0 
0 0 0 0 0 0 0 94 68 0 0 0 
0 0 0 0 0 0 0 94 68 0 0 0 
0 0 0 0 0 0 0 94 68 0 0 0 
0 0 0 0 0 0 0 94 68 0 0 0 
0 0 0 0 0 0 0 94 68 0 0 0 
0 0 0 0 0 0 0 94 68 0 0 0 
0 0 0 0 0 0 0 94 68 0 0 0 
0 0 0 0 0 0 0 94 68 0 0 0 
0 0 0 0 0 0 0 94 68 0 0 0 
0 0 0 0 0 0 0 94 68 0 0 0 
0 0 0 0 0 0 0 94 68 0 0 0 
0 0 0 0 0 0 0 94 68 0 0 0 
0 0 0 0 0 0 0 94 68 0 0 0 
0 0 0 0 0 0 0 94 68 0 0 0 
0 0 0 0 0 0 0 94 68 0 0 0 
0 0 0 0 0 0 0 94 68 0 0 0 
0 0 0 0 0 0 0 94 68 0 0 0 
0 0 0 0 0 0 0 94 68 0 0 0 
0 0 0 0 0 0 0 94 68 0 0 0 
0 0 0 0 0 0 0 94 68 0 0 0 
0 0 0 0 0 0 0 94 68 0 0 0 
0 0 0 0 0 0 0 94 68 0 0 0 
0 0 0 0 0 0 0 94 68 0 0 0 
0 0 0 0 0 0 0 94 68 0 0 0 
0 0 0 0 0 0 0 94 68 0 0 0 
0 0 0 0 0 0 0 94 68 0 0 0 
0 0 0 0 0 0 0 94 68 0 0 0 
0 0 0 0 0 0 0 94 68 0 0 0 
0 0 0 0 0 0 0 94 68 0 0 0 
0 0 0 0 0 0 0 94 68 0 0 0 
0 0 0 0 0 0 0 94 68 0 0 0 
0 0 0 0 0 0 0 94 68 0 0 0 
0 0 0 0 0 0 0 94 68 0 0 0 
0 0 0 0 0 0 0 94 68 0 0 0 
0 0 0 0 0 0 0 94 68 0 0 0 
0 0 0 0 0 0 0 94 68 0 0 54 
0 0 0 0 0 0 0 94 68 0 0 54 
0 0 0 0 0 0 0 94 68 0 0 54 
0 0 0 0 0 0 0 94 68 0 0 54 
0 0 0 0 0 0 0 94 68 0 0 54 
0 0 0 0 0 0 0 94 68 0 0 54 
0 0 0 0 0 0 0 94 68 0 0 54 
0 0 0 0 0 0 0 94 68 0 0 54 
0 0 0 0 0 0 0 94 68 0 0 54 
0 0 0 0 0 0 0 94 68 0 0 54 
0 0 0 0 0 0 0 94 68 0 0 54 
0 0 0 0 0 0 0 94 68 0 0 54 
0 0 0 0 0 0 0 94 68 0 0 54 
0 0 0 0 0 0 0 94 68 0 0 54 
0 0 0 0 0 0 0 94 68 0 0 54 
0 0 0 0 0 0 0 94 68 0 0 54 
0 0 0 0 0 0 0 94 68 0 0 54 
0 0 0 0 0 0 0 94 68 0 0 54 
0 0 0 0 0 0 0 94 68 0 0 54 
0 0 0 0 0 0 0 94 68 0 0 54 
0 31 0 0 0 0 0 94 68 0 0 54 
0 31 0 0 0 0 0 94 68 0 0 54 
0 31 0 0 0 0 0 94 68 0 0 54 
0 31 0 0 0 0 0 94 68 0 0 54 
0 31 0 0 0 0 0 94 68 0 0 54 
0 31 0 0 0 0 0 94 68 0 0 54 
0 31 0 0 0 0 0 94 68 0 0 54 
0 31 0 0 0 0 0 94 68 0 0 54 
0 31 0 0 0 0 0 94 68 0 0 54 
0 31 0 0 0 0 0 94 68 0 0 54 
0 31 0 0 0 0 0 94 68 0 0 54 
0 31 0 0 0 0 0 94 68 0 0 54 
0 31 0 0 0 0 0 94 68 0 0 54 
0 31 0 0 0 0 0 94 68 0 0 54 
0 31 0 0 0 0 0 94 68 0 0 54 
0 31 0 0 0 0 0 94 68 0 0 54 
0 31 0 0 0 0 0 94 68 0 0 54 
0 31 0 0 0 0 0 94 68 0 0 54 
0 31 0 0 0 0 0 94 68 0 0 54 
0 31 0 0 0 0 0 94 68 0 0 54 
0 31 0 0 0 0 0 94 68 0 0 54 
0 31 0 0 0 0 0 94 68 0 0 54 
0 31 0 0 0 0 0 94 68 0 0 54 
0 31 0 0 0 0 0 94 68 0 0 54 
0 31 0 0 0 0 0 94 68 0 0 54 
0 31 0 0 0 0 0 94 68 0 0 54 
0 31 0 0 0 0 0 94 68 0 0 54 
0 31 0 0 0 0 0 94 68 0 0 54 
0 31 0 0 0 0 0 94 68 0 0 54 
0 31 0 0 0 0 0 94 68 0 0 54 
0 31 0 0 0 0 0 94 0 0 0 54 
0 31 0 0 0 0 0 94 0 0 0 54 
0 31 0 0 0 0 0 94 0 0 0 54 
0 31 0 0 0 0 0 94 0 0 0 54 
0 31 0 0 0 0 0 94 0 0 0 54 
0 31 0 0 0 0 0 94 0 0 0 54 
0 31 0 0 0 0 0 94 0 0 0 54 
0 31 0 0 0 0 0 94 0 0 0 54 
0 31 0 0 0 0 0 94 0 0 0 54 
0 31 0 0 0 0 0 94 0 0 0 54 
0 31 0 0 0 0 0 94 0 0 0 54 
0 31 0 0 0 0 0 94 0 0 0 54 
0 31 0 0 0 0 0 94 0 0 0 54 
0 31 0 0 0 0 0 94 0 0 0 54 
0 31 0 0 0 0 0 94 0 0 0 54 
0 31 0 0 0 0 0 94 0 0 0 54 
0 31 0 0 0 0 0 94 0 0 0 54 
0 31 0 0 0 0 0 94 0 0 0 54 
0 31 0 0 0 0 0 94 0 0 0 54 
0 31 0 0 0 0 0 94 0 0 0 54 
0 0 0 0 0 0 0 94 0 31 0 54 
0 0 0 0 0 0 0 94 0 31 0 54 
0 0 0 0 0 0 0 94 0 31 0 54 
0 0 0 0 0 0 0 94 0 31 0 54 
0 0 0 0 0 0 0 94 0 31 0 54 
0 0 0 0 0 0 0 94 0 31 0 54 
0 0 0 0 0 0 0 94 0 31 0 54 
0 0 0 0 0 0 0 94 0 31 0 54 
0 0 0 0 0 0 0 94 0 31 0 54 
0 0 0 0 0 0 0 94 0 31 0 54 
0 0 0 0 0 0 0 94 0 31 0 54 
0 0 0 0 0 0 0 94 0 31 0 54 
0 0 0 0 0 0 0 94 0 31 0 54 
0 0 0 0 0 0 0 94 0 31 0 54 
0 0 0 0 0 0 0 94 0 31 0 54 
0 0 0 0 0 0 0 94 0 31 0 54 
0 0 0 0 0 0 0 94 0 31 0 54 
0 0 0 0 0 0 0 94 0 31 0 54 
0 0 0 0 0 0 0 94 0 31 0 54 
0 0 0 0 0 0 0 94 0 31 0 54 
0 0 0 0 28 0 0 87 0 31 0 54 
0 0 0 0 28 0 0 87 0 31 0 54 
0 0 0 0 28 0 0 87 0 31 0 54 
0 0 0 0 28 0 0 87 0 31 0 54 
0 0 0 0 28 0 0 87 0 31 0 54 
0 0 0 0 28 0 0 87 0 31 0 54 
0 0 0 0 28 0 0 87 0 31 0 54 
0 0 0 0 28 0 0 87 0 31 0 54 
0 0 0 0 28 0 0 87 0 31 0 54 
0 0 0 0 28 0 0 87 0 31 0 54 
0 0 0 0 28 0 0 87 0 31 0 54 
0 0 0 0 28 0 0 87 0 31 0 54 
0 0 0 0 28 0 0 87 0 31 0 54 
0 0 0 0 28 0 0 87 0 31 0 54 
0 0 0 0 28 0 0 87 0 31 0 54 
0 0 0 0 28 0 0 87 0 31 0 54 
0 0 0 0 28 0 0 87 0 31 0 54 
0 0 0 0 28 0 0 87 0 31 0 54 
0 0 0 0 28 0 0 87 0 31 0 54 
0 0 0 0 28 0 0 87 0 31 0 54 
0 40 0 0 28 0 0 87 0 31 0 54 
0 40 0 0 28 0 0 87 0 31 0 54 
0 40 0 0 28 0 0 87 0 31 0 54 
0 40 0 0 28 0 0 87 0 31 0 54 
0 40 0 0 28 0 0 87 0 31 0 54 
0 40 0 0 28 0 0 87 0 31 0 54 
0 40 0 0 28 0 0 87 0 31 0 54 
0 40 0 0 28 0 0 87 0 31 0 54 
0 40 0 0 28 0 0 87 0 31 0 54 
0 40 0 0 28 0 0 87 0 31 0 54 
28 40 0 0 28 0 0 87 0 31 0 0 
28 40 0 0 28 0 0 87 0 31 0 0 
28 40 0 0 28 0 0 87 0 31 0 0 
28 40 0 0 28 0 0 87 0 31 0 0 
28 40 0 0 28 0 0 87 0 31 0 0 
28 40 0 0 28 0 0 87 0 31 0 0 
28 40 0 0 28 0 0 87 0 31 0 0 
28 40 0 0 28 0 0 87 0 31 0 0 
28 40 0 0 28 0 0 87 0 31 0 0 
28 40 0 0 28 0 0 87 0 31 0 0 
28 40 0 0 28 0 0 87 0 31 0 0 
28 40 0 0 28 0 0 87 0 31 0 0 
28 40 0 0 28 0 0 87 0 31 0 0 
28 40 0 0 28 0 0 87 0 31 0 0 
28 40 0 0 28 0 0 87 0 31 0 0 
28 40 0 0 28 0 0 87 0 31 0 0 
28 40 0 0 28 0 0 87 0 31 0 0 
28 40 0 0 28 0 0 87 0 31 0 0 
28 40 0 0 28 0 0 87 0 31 0 0 
28 40 0 0 28 0 0 87 0 31 0 0 
28 40 0 0 28 0 0 87 0 31 0 0 
28 40 0 0 28 0 0 87 0 31 0 0 
28 40 0 0 28 0 0 87 0 31 0 0 
28 40 0 0 28 0 0 87 0 31 0 0 
28 40 0 0 28 0 0 87 0 31 0 0 
28 40 0 0 28 0 0 87 0 31 0 0 
28 40 0 0 28 0 0 87 0 31 0 0 
28 40 0 0 28 0 0 87 0 31 0 0 
28 40 0 0 28 0 0 87 0 31 0 0 
28 40 0 0 28 0 0 87 0 31 0 0 
28 40 0 0 28 0 0 87 0 31 0 0 
28 40 0 0 28 0 0 87 0 31 0 0 
28 40 0 0 28 0 0 87 0 31 0 0 
28 40 0 0 28 0 0 87 0 31 0 0 
28 40 0 0 28 0 0 87 0 31 0 0 
28 40 0 0 28 0 0 87 0 31 0 0 
28 40 0 0 28 0 0 87 0 31 0 0 
28 40 0 0 28 0 0 87 0 31 0 0 
28 40 0 0 28 0 0 87 0 31 0 0 
28 40 0 0 28 0 0 87 0 31 0 0 
28 40 0 0 28 0 0 87 0 31 0 0 
28 40 0 0 28 0 0 87 0 31 0 0 
28 40 0 0 28 0 0 87 0 31 0 0 
28 40 0 0 28 0 0 87 0 31 0 0 
28 40 0 0 28 0 0 87 0 31 0 0 
28 40 0 0 28 0 0 87 0 31 0 0 
28 40 0 0 28 0 0 87 0 31 0 0 
28 40 0 0 28 0 0 87 0 31 0 0 
28 40 0 0 28 0 0 87 0 31 0 0 
28 40 0 0 28 0 0 87 0 31 0 0 
28 40 0 0 28 0 0 87 0 31 0 0 
28 40 0 0 28 0 0 87 0 31 0 0 
28 40 0 0 28 0 0 87 0 31 0 0 
28 40 0 0 28 0 0 87 0 31 0 0 
28 40 0 0 28 0 0 87 0 31 0 0 
28 40 0 0 28 0 0 87 0 31 0 0 
28 40 0 0 28 0 0 87 0 31 0 0 
28 40 0 0 28 0 0 87 0 31 0 0 
28 40 0 0 28 0 0 87 0 31 0 0 
28 40 0 0 28 0 0 87 0 31 0 0 
28 40 0 0 28 0 0 87 0 31 0 0 
28 40 0 0 28 0 0 87 0 31 0 0 
28 40 0 0 28 0 0 87 0 31 0 0 
28 40 0 0 28 0 0 87 0 31 0 0 
28 40 0 0 28 0 0 87 0 31 0 0 
28 40 0 0 28 0 0 87 0 31 0 0 
28 40 0 0 28 0 0 87 0 31 0 0 
28 40 0 0 28 0 0 87 0 31 0 0 
28 40 0 0 28 0 0 87 0 31 0 0 
28 40 0 0 28 0 0 87 0 31 0 0 
28 40 0 0 28 0 0 87 0 31 0 0 
28 40 0 0 28 0 0 87 0 31 0 0 
28 40 0 0 28 0 0 87 0 31 0 0 
28 40 0 0 28 0 0 87 0 31 0 0 
28 40 0 0 28 0 0 87 0 31 0 0 
28 40 0 0 28 0 0 87 0 31 0 0 
28 40 0 0 28 0 0 87 0 31 0 0 
28 40 0 0 28 0 0 87 0 31 0 0 
28 40 0 0 28 0 0 87 0 31 0 0 
28 40 0 0 28 0 0 87 0 31 0 0 
28 40 0 0 28 0 0 87 0 31 0 0 
28 40 0 0 28 0 0 87 0 31 0 0 
28 40 0 0 28 0 0 87 0 31 0 0 
28 40 0 0 28 0 0 87 0 31 0 0 
28 40 0 0 28 0 0 87 0 31 0 0 
28 40 0 0 28 0 0 87 0 31 0 0 
28 40 0 0 28 0 0 87 0 31 0 0 
28 40 0 0 28 0 0 87 0 31 0 0 
28 40 0 0 28 0 0 87 0 31 0 0 
28 40 0 0 28 0 0 87 0 31 0 0 
28 40 0 0 28 0 0 87 0 31 0 0 
28 40 0 0 28 0 0 87 0 31 0 0 
28 40 0 0 28 0 0 87 0 31 0 0 
28 40 0 0 28 0 0 87 0 31 0 0 
28 40 0 0 28 0 0 87 0 31 0 0 
28 40 0 0 28 0 0 87 0 31 0 0 
28 40 0 0 28 0 0 87 0 31 0 0 
28 40 0 0 28 0 0 87 0 31 0 0 
28 40 0 0 28 0 0 87 0 31 0 0 
28 40 0 0 28 0 0 87 0 31 0 0 
28 40 0 0 28 0 0 87 0 31 0 0 
28 40 0 0 28 0 0 87 0 31 0 0 
28 40 0 0 28 0 0 87 0 31 0 0 
28 40 0 0 28 0 0 87 0 31 0 0 
28 40 0 0 28 0 0 87 0 31 0 0 
28 40 0 0 28 0 0 87 0 31 0 0 
28 40 0 0 28 0 0 87 0 31 0 0 
28 40 0 0 28 0 0 87 0 31 0 0 
28 40 0 0 28 0 0 87 0 31 0 0 
28 40 0 0 28 0 0 87 0 31 0 0 
28 40 0 0 28 0 0 87 0 31 0 0 
28 40 0 0 28 0 0 87 0 31 0 0 
28 40 0 0 28 0 0 87 0 31 0 0 
28 40 0 0 28 0 0 87 0 31 0 0 
28 40 0 0 28 0 0 87 0 31 0 0 
28 40 0 0 28 0 0 87 0 31 0 0 
28 40 0 0 28 0 0 87 0 31 0 0 
28 40 0 0 28 0 0 87 0 31 0 0 
28 40 0 0 28 0 0 87 0 31 0 0 
28 40 0 0 28 0 0 87 0 31 0 0 
28 40 0 0 28 0 0 89 0 31 0 0 
28 40 0 0 28 0 0 89 0 31 0 0 
28 40 0 0 28 0 0 89 0 31 0 0 
28 40 0 0 28 0 0 89 0 31 0 0 
28 40 0 0 28 0 0 89 0 31 0 0 
28 40 0 0 28 0 0 89 0 31 0 0 
28 40 0 0 28 0 0 89 0 31 0 0 
28 40 0 0 28 0 0 89 0 31 0 0 
28 40 0 0 28 0 0 89 0 31 0 0 
28 40 0 0 28 0 0 89 0 31 0 0 
28 40 0 0 28 0 0 89 0 31 0 0 
28 40 0 0 28 0 0 89 0 31 0 0 
28 40 0 0 28 0 0 89 0 31 0 0 
28 40 0 0 28 0 0 89 0 31 0 0 
28 40 0 0 28 0 0 89 0 31 0 0 
28 40 0 0 28 0 0 89 0 31 0 0 
28 40 0 0 28 0 0 89 0 31 0 0 
28 40 0 0 28 0 0 89 0 31 0 0 
28 40 0 0 28 0 0 89 0 31 0 0 
28 40 0 0 28 0 0 89 0 31 0 0 
28 40 0 0 28 0 0 89 0 31 0 0 
28 40 0 0 28 0 0 89 0 31 0 0 
28 40 0 0 28 0 0 89 0 31 0 0 
28 40 0 0 28 0 0 89 0 31 0 0 
28 40 0 0 28 0 0 89 0 31 0 0 
28 40 0 0 28 0 0 89 0 31 0 0 
28 40 0 0 28 0 0 89 0 31 0 0 
28 40 0 0 28 0 0 89 0 31 0 0 
28 40 0 0 28 0 0 89 0 31 0 0 
28 40 0 0 28 0 0 89 0 31 0 0 
0 0 0 0 0 0 0 0 0 0 0 0 
