PE_L1_1 PE_L1_2 PE_L1_3 PE_L1_4 PE_L2_1 PE_L2_2 PE_L2_3 PE_L2_4 PE_L3_1 PE_L3_2 PE_L3_3 PE_L3_4 
0 0 0 0 0 0 0 0 84 0 0 24 
0 0 0 0 0 0 0 0 84 0 0 24 
0 0 0 0 0 0 0 0 84 0 0 24 
0 0 0 0 0 0 0 0 84 0 0 24 
0 0 0 0 0 0 0 0 84 0 0 24 
0 0 0 0 0 0 0 0 84 0 0 24 
0 0 0 0 0 0 0 0 84 0 0 24 
0 0 0 0 0 0 0 0 84 0 0 24 
0 0 0 0 0 0 0 0 84 0 0 24 
0 0 0 0 0 0 0 0 84 0 0 24 
0 0 0 0 0 0 0 0 51 31 31 24 
0 0 0 0 0 0 0 0 51 31 31 24 
0 0 0 0 0 0 0 0 51 31 31 24 
0 0 0 0 0 0 0 0 51 31 31 24 
0 0 0 0 0 0 0 0 51 31 31 24 
0 0 0 0 0 0 0 0 51 31 31 24 
0 0 0 0 0 0 0 0 51 31 31 24 
0 0 0 0 0 0 0 0 51 31 31 24 
0 0 0 0 0 0 0 0 51 31 31 24 
0 0 0 0 0 0 0 0 51 31 31 24 
0 0 0 0 0 0 0 0 51 34 31 24 
0 0 0 0 0 0 0 0 51 34 31 24 
0 0 0 0 0 0 0 0 51 34 31 24 
0 0 0 0 0 0 0 0 51 34 31 24 
0 0 0 0 0 0 0 0 51 34 31 24 
0 0 0 0 0 0 0 0 51 34 31 24 
0 0 0 0 0 0 0 0 51 34 31 24 
0 0 0 0 0 0 0 0 51 34 31 24 
0 0 0 0 0 0 0 0 51 34 31 24 
0 0 0 0 0 0 0 0 51 34 31 24 
0 0 0 0 0 0 0 0 51 34 31 24 
0 0 0 0 0 0 0 0 51 34 31 24 
0 0 0 0 0 0 0 0 51 34 31 24 
0 0 0 0 0 0 0 0 51 34 31 24 
0 0 0 0 0 0 0 0 51 34 31 24 
0 0 0 0 0 0 0 0 51 34 31 24 
0 0 0 0 0 0 0 0 51 34 31 24 
0 0 0 0 0 0 0 0 51 34 31 24 
0 0 0 0 0 0 0 0 51 34 31 24 
0 0 0 0 0 0 0 0 51 34 31 24 
0 0 0 0 0 0 0 0 51 34 31 24 
0 0 0 0 0 0 0 0 51 34 31 24 
0 0 0 0 0 0 0 0 51 34 31 24 
0 0 0 0 0 0 0 0 51 34 31 24 
0 0 0 0 0 0 0 0 51 34 31 24 
0 0 0 0 0 0 0 0 51 34 31 24 
0 0 0 0 0 0 0 0 51 34 31 24 
0 0 0 0 0 0 0 0 51 34 31 24 
0 0 0 0 0 0 0 0 51 34 31 24 
0 0 0 0 0 0 0 0 51 34 31 24 
0 0 0 0 0 0 0 0 51 34 31 24 
0 0 0 0 0 0 0 0 51 34 31 24 
0 0 0 0 0 0 0 0 51 34 31 24 
0 0 0 0 0 0 0 0 51 34 31 24 
0 0 0 0 0 0 0 0 51 34 31 24 
0 0 0 0 0 0 0 0 51 34 31 24 
0 0 0 0 0 0 0 0 51 34 31 24 
0 0 0 0 0 0 0 0 51 34 31 24 
0 0 0 0 0 0 0 0 51 34 31 24 
0 0 0 0 0 0 0 0 51 34 31 24 
0 0 0 0 0 0 0 0 51 34 34 24 
0 0 0 0 0 0 0 0 51 34 34 24 
0 0 0 0 0 0 0 0 51 34 34 24 
0 0 0 0 0 0 0 0 51 34 34 24 
0 0 0 0 0 0 0 0 51 34 34 24 
0 0 0 0 0 0 0 0 51 34 34 24 
0 0 0 0 0 0 0 0 51 34 34 24 
0 0 0 0 0 0 0 0 51 34 34 24 
0 0 0 0 0 0 0 0 51 34 34 24 
0 0 0 0 0 0 0 0 51 34 34 24 
0 0 0 0 0 0 0 0 51 34 34 24 
0 0 0 0 0 0 0 0 51 34 34 24 
0 0 0 0 0 0 0 0 51 34 34 24 
0 0 0 0 0 0 0 0 51 34 34 24 
0 0 0 0 0 0 0 0 51 34 34 24 
0 0 0 0 0 0 0 0 51 34 34 24 
0 0 0 0 0 0 0 0 51 34 34 24 
0 0 0 0 0 0 0 0 51 34 34 24 
0 0 0 0 0 0 0 0 51 34 34 24 
0 0 0 0 0 0 0 0 51 34 34 24 
0 0 0 0 0 0 0 0 51 50 34 24 
0 0 0 0 0 0 0 0 51 50 34 24 
0 0 0 0 0 0 0 0 51 50 34 24 
0 0 0 0 0 0 0 0 51 50 34 24 
0 0 0 0 0 0 0 0 51 50 34 24 
0 0 0 0 0 0 0 0 51 50 34 24 
0 0 0 0 0 0 0 0 51 50 34 24 
0 0 0 0 0 0 0 0 51 50 34 24 
0 0 0 0 0 0 0 0 51 50 34 24 
0 0 0 0 0 0 0 0 51 50 34 24 
0 0 0 0 0 0 0 0 51 50 34 24 
0 0 0 0 0 0 0 0 51 50 34 24 
0 0 0 0 0 0 0 0 51 50 34 24 
0 0 0 0 0 0 0 0 51 50 34 24 
0 0 0 0 0 0 0 0 51 50 34 24 
0 0 0 0 0 0 0 0 51 50 34 24 
0 0 0 0 0 0 0 0 51 50 34 24 
0 0 0 0 0 0 0 0 51 50 34 24 
0 0 0 0 0 0 0 0 51 50 34 24 
0 0 0 0 0 0 0 0 51 50 34 24 
0 0 0 0 0 0 0 0 51 50 34 24 
0 0 0 0 0 0 0 0 51 50 34 24 
0 0 0 0 0 0 0 0 51 50 34 24 
0 0 0 0 0 0 0 0 51 50 34 24 
0 0 0 0 0 0 0 0 51 50 34 24 
0 0 0 0 0 0 0 0 51 50 34 24 
0 0 0 0 0 0 0 0 51 50 34 24 
0 0 0 0 0 0 0 0 51 50 34 24 
0 0 0 0 0 0 0 0 51 50 34 24 
0 0 0 0 0 0 0 0 51 50 34 24 
0 0 0 0 0 0 0 0 51 50 34 24 
0 0 0 0 0 0 0 0 51 50 34 24 
0 0 0 0 0 0 0 0 51 50 34 24 
0 0 0 0 0 0 0 0 51 50 34 24 
0 0 0 0 0 0 0 0 51 50 34 24 
0 0 0 0 0 0 0 0 51 50 34 24 
0 0 0 0 0 0 0 0 51 50 34 24 
0 0 0 0 0 0 0 0 51 50 34 24 
0 0 0 0 0 0 0 0 51 50 34 24 
0 0 0 0 0 0 0 0 51 50 34 24 
0 0 0 0 0 0 0 0 51 50 34 24 
0 0 0 0 0 0 0 0 51 50 34 24 
0 0 0 0 0 0 0 0 51 50 34 24 
0 0 0 0 0 0 0 0 51 50 34 24 
0 0 0 0 0 0 0 0 51 50 34 24 
0 0 0 0 0 0 0 0 51 50 34 24 
0 0 0 0 0 0 0 0 51 50 34 24 
0 0 0 0 0 0 0 0 51 50 34 24 
0 0 0 0 0 0 0 0 51 50 34 24 
0 0 0 0 0 0 0 0 51 50 34 24 
0 0 0 0 0 0 0 0 51 50 34 24 
0 0 0 0 0 0 0 0 51 50 34 24 
0 0 0 0 0 0 0 0 51 50 34 24 
0 0 0 0 0 0 0 0 51 50 34 24 
0 0 0 0 0 0 0 0 51 50 34 24 
0 0 0 0 0 0 0 0 51 50 34 24 
0 0 0 0 0 0 0 0 51 50 34 24 
0 0 0 0 0 0 0 0 51 50 34 24 
0 0 0 0 0 0 0 0 51 50 34 24 
0 0 0 0 0 0 0 0 51 50 34 24 
0 0 0 0 0 0 0 0 51 50 34 24 
0 0 0 0 0 0 0 0 51 50 34 24 
0 0 0 0 0 0 0 0 51 50 34 24 
0 0 0 0 0 0 0 0 51 50 34 24 
0 0 0 0 0 0 0 0 51 50 34 24 
0 0 0 0 0 0 0 0 51 50 34 24 
0 0 0 0 0 0 0 0 51 50 34 24 
0 0 0 0 0 0 0 0 51 50 34 24 
0 0 0 0 0 0 0 0 51 50 34 24 
0 0 0 0 0 0 0 0 51 50 34 24 
0 0 0 0 0 0 0 0 51 50 34 24 
0 0 0 0 0 0 0 0 51 50 34 24 
0 0 0 0 0 0 0 0 51 50 34 24 
0 0 0 0 0 0 0 0 51 50 34 24 
0 0 0 0 0 0 0 0 51 50 34 24 
0 0 0 0 0 0 0 0 51 50 34 24 
0 0 0 0 0 0 0 0 51 50 34 24 
0 0 0 0 0 0 0 0 51 50 34 24 
0 0 0 0 0 0 0 0 51 50 34 24 
0 0 0 0 0 0 0 0 51 50 34 24 
0 0 0 0 0 0 0 0 51 50 34 24 
0 0 0 0 0 0 0 0 51 50 34 24 
0 0 0 0 0 0 0 0 51 50 34 24 
0 0 0 0 0 0 0 0 51 50 34 24 
0 0 0 0 0 0 0 0 51 50 34 24 
0 0 0 0 0 0 0 0 51 50 34 24 
0 0 0 0 0 0 0 0 51 50 34 24 
0 0 0 0 0 0 0 0 51 50 34 24 
0 0 0 0 0 0 0 0 51 50 34 24 
0 0 0 0 0 0 0 0 51 50 34 24 
0 0 0 0 0 0 0 0 0 50 34 24 
0 0 0 0 0 0 0 0 0 50 34 24 
0 0 0 0 0 0 0 0 0 50 34 24 
0 0 0 0 0 0 0 0 0 50 34 24 
0 0 0 0 0 0 0 0 0 50 34 24 
0 0 0 0 0 0 0 0 0 50 34 24 
0 0 0 0 0 0 0 0 0 50 34 24 
0 0 0 0 0 0 0 0 0 50 34 24 
0 0 0 0 0 0 0 0 0 50 34 24 
0 0 0 0 0 0 0 0 0 50 34 24 
0 0 0 0 0 0 0 0 32 50 34 24 
0 0 0 0 0 0 0 0 32 50 34 24 
0 0 0 0 0 0 0 0 32 50 34 24 
0 0 0 0 0 0 0 0 32 50 34 24 
0 0 0 0 0 0 0 0 32 50 34 24 
0 0 0 0 0 0 0 0 32 50 34 24 
0 0 0 0 0 0 0 0 32 50 34 24 
0 0 0 0 0 0 0 0 32 50 34 24 
0 0 0 0 0 0 0 0 32 50 34 24 
0 0 0 0 0 0 0 0 32 50 34 24 
0 0 0 0 0 0 0 0 32 50 34 23 
0 0 0 0 0 0 0 0 32 50 34 23 
0 0 0 0 0 0 0 0 32 50 34 23 
0 0 0 0 0 0 0 0 32 50 34 23 
0 0 0 0 0 0 0 0 32 50 34 23 
0 0 0 0 0 0 0 0 32 50 34 23 
0 0 0 0 0 0 0 0 32 50 34 23 
0 0 0 0 0 0 0 0 32 50 34 23 
0 0 0 0 0 0 0 0 32 50 34 23 
0 0 0 0 0 0 0 0 32 50 34 23 
0 0 0 0 0 0 0 0 32 0 34 64 
0 0 0 0 0 0 0 0 32 0 34 64 
0 0 0 0 0 0 0 0 32 0 34 64 
0 0 0 0 0 0 0 0 32 0 34 64 
0 0 0 0 0 0 0 0 32 0 34 64 
0 0 0 0 0 0 0 0 32 0 34 64 
0 0 0 0 0 0 0 0 32 0 34 64 
0 0 0 0 0 0 0 0 32 0 34 64 
0 0 0 0 0 0 0 0 32 0 34 64 
0 0 0 0 0 0 0 0 32 0 34 64 
0 0 0 0 0 0 0 0 81 0 0 79 
0 0 0 0 0 0 0 0 81 0 0 79 
0 0 0 0 0 0 0 0 81 0 0 79 
0 0 0 0 0 0 0 0 81 0 0 79 
0 0 0 0 0 0 0 0 81 0 0 79 
0 0 0 0 0 0 0 0 81 0 0 79 
0 0 0 0 0 0 0 0 81 0 0 79 
0 0 0 0 0 0 0 0 81 0 0 79 
0 0 0 0 0 0 0 0 81 0 0 79 
0 0 0 0 0 0 0 0 81 0 0 79 
0 0 0 0 0 0 0 0 81 0 0 79 
0 0 0 0 0 0 0 0 81 0 0 79 
0 0 0 0 0 0 0 0 81 0 0 79 
0 0 0 0 0 0 0 0 81 0 0 79 
0 0 0 0 0 0 0 0 81 0 0 79 
0 0 0 0 0 0 0 0 81 0 0 79 
0 0 0 0 0 0 0 0 81 0 0 79 
0 0 0 0 0 0 0 0 81 0 0 79 
0 0 0 0 0 0 0 0 81 0 0 79 
0 0 0 0 0 0 0 0 81 0 0 79 
0 0 0 0 0 0 0 0 81 0 0 79 
0 0 0 0 0 0 0 0 81 0 0 79 
0 0 0 0 0 0 0 0 81 0 0 79 
0 0 0 0 0 0 0 0 81 0 0 79 
0 0 0 0 0 0 0 0 81 0 0 79 
0 0 0 0 0 0 0 0 81 0 0 79 
0 0 0 0 0 0 0 0 81 0 0 79 
0 0 0 0 0 0 0 0 81 0 0 79 
0 0 0 0 0 0 0 0 81 0 0 79 
0 0 0 0 0 0 0 0 81 0 0 79 
0 0 0 0 0 0 0 0 81 0 0 79 
0 0 0 0 0 0 0 0 81 0 0 79 
0 0 0 0 0 0 0 0 81 0 0 79 
0 0 0 0 0 0 0 0 81 0 0 79 
0 0 0 0 0 0 0 0 81 0 0 79 
0 0 0 0 0 0 0 0 81 0 0 79 
0 0 0 0 0 0 0 0 81 0 0 79 
0 0 0 0 0 0 0 0 81 0 0 79 
0 0 0 0 0 0 0 0 81 0 0 79 
0 0 0 0 0 0 0 0 81 0 0 79 
0 0 0 0 0 0 0 0 81 0 0 79 
0 0 0 0 0 0 0 0 81 0 0 79 
0 0 0 0 0 0 0 0 81 0 0 79 
0 0 0 0 0 0 0 0 81 0 0 79 
0 0 0 0 0 0 0 0 81 0 0 79 
0 0 0 0 0 0 0 0 81 0 0 79 
0 0 0 0 0 0 0 0 81 0 0 79 
0 0 0 0 0 0 0 0 81 0 0 79 
0 0 0 0 0 0 0 0 81 0 0 79 
0 0 0 0 0 0 0 0 81 0 0 79 
0 0 0 0 0 0 0 0 81 0 0 79 
0 0 0 0 0 0 0 0 81 0 0 79 
0 0 0 0 0 0 0 0 81 0 0 79 
0 0 0 0 0 0 0 0 81 0 0 79 
0 0 0 0 0 0 0 0 81 0 0 79 
0 0 0 0 0 0 0 0 81 0 0 79 
0 0 0 0 0 0 0 0 81 0 0 79 
0 0 0 0 0 0 0 0 81 0 0 79 
0 0 0 0 0 0 0 0 81 0 0 79 
0 0 0 0 0 0 0 0 81 0 0 79 
0 0 0 0 0 0 0 0 81 0 0 79 
0 0 0 0 0 0 0 0 81 0 0 79 
0 0 0 0 0 0 0 0 81 0 0 79 
0 0 0 0 0 0 0 0 81 0 0 79 
0 0 0 0 0 0 0 0 81 0 0 79 
0 0 0 0 0 0 0 0 81 0 0 79 
0 0 0 0 0 0 0 0 81 0 0 79 
0 0 0 0 0 0 0 0 81 0 0 79 
0 0 0 0 0 0 0 0 81 0 0 79 
0 0 0 0 0 0 0 0 81 0 0 79 
0 0 0 0 0 0 0 0 81 0 0 79 
0 0 0 0 0 0 0 0 81 0 0 79 
0 0 0 0 0 0 0 0 81 0 0 79 
0 0 0 0 0 0 0 0 81 0 0 79 
0 0 0 0 0 0 0 0 81 0 0 79 
0 0 0 0 0 0 0 0 81 0 0 79 
0 0 0 0 0 0 0 0 81 0 0 79 
0 0 0 0 0 0 0 0 81 0 0 79 
0 0 0 0 0 0 0 0 81 0 0 79 
0 0 0 0 0 0 0 0 81 0 0 79 
0 0 0 0 0 0 0 0 81 0 0 79 
0 0 0 0 0 0 0 0 81 0 0 79 
0 0 0 0 0 0 0 0 81 0 0 79 
0 0 0 0 0 0 0 0 81 0 0 79 
0 0 0 0 0 0 0 0 81 0 0 79 
0 0 0 0 0 0 0 0 81 0 0 79 
0 0 0 0 0 0 0 0 81 0 0 79 
0 0 0 0 0 0 0 0 81 0 0 79 
0 0 0 0 0 0 0 0 81 0 0 79 
0 0 0 0 0 0 0 0 81 0 0 79 
0 0 0 0 0 0 0 0 81 0 0 79 
0 0 0 0 0 0 0 0 81 0 0 79 
0 0 0 0 0 0 0 0 81 0 0 79 
0 0 0 0 0 0 0 0 81 0 0 79 
0 0 0 0 0 0 0 0 81 0 0 79 
0 0 0 0 0 0 0 0 81 0 0 79 
0 0 0 0 0 0 0 0 81 0 0 79 
0 0 0 0 0 0 0 0 81 0 0 79 
0 0 0 0 0 0 0 0 81 0 0 79 
0 0 0 0 0 0 0 0 81 0 0 79 
0 0 0 0 0 0 0 0 81 0 0 79 
0 0 0 0 0 0 0 0 81 0 0 79 
0 0 0 0 0 0 0 0 81 0 0 79 
0 0 0 0 0 0 0 0 81 0 0 79 
0 0 0 0 0 0 0 0 81 0 0 79 
0 0 0 0 0 0 0 0 81 0 0 79 
0 0 0 0 0 0 0 0 81 0 0 79 
0 0 0 0 0 0 0 0 81 0 0 79 
0 0 0 0 0 0 0 0 81 0 0 79 
0 0 0 0 0 0 0 0 81 0 0 79 
0 0 0 0 0 0 0 0 81 0 0 79 
0 0 0 0 0 0 0 0 81 0 0 79 
0 0 0 0 0 0 0 0 81 0 0 79 
0 0 0 0 0 0 0 0 81 0 0 79 
0 0 0 0 0 0 0 0 81 0 0 79 
0 0 0 0 0 0 0 0 81 0 0 79 
0 0 0 0 0 0 0 0 81 0 0 79 
0 0 0 0 0 0 0 0 81 0 0 79 
0 0 0 0 0 0 0 0 81 0 0 79 
0 0 0 0 0 0 0 0 81 0 0 79 
0 0 0 0 0 0 0 0 81 0 0 79 
0 0 0 0 0 0 0 0 81 0 0 79 
0 0 0 0 0 0 0 0 81 0 0 79 
0 0 0 0 0 0 0 0 81 0 0 79 
0 0 0 0 0 0 0 0 81 0 0 79 
0 0 0 0 0 0 0 0 81 0 0 79 
0 0 0 0 0 0 0 0 81 0 0 79 
0 0 0 0 0 0 0 0 81 0 0 79 
0 0 0 0 0 0 0 0 81 0 0 79 
0 0 0 0 0 0 0 0 81 0 0 79 
0 0 0 0 0 0 0 0 81 0 0 79 
0 0 0 0 0 0 0 0 81 0 0 79 
0 0 0 0 0 0 0 0 81 0 0 79 
0 0 0 0 0 0 0 0 81 0 0 79 
0 0 0 0 0 0 0 0 81 0 0 79 
0 0 0 0 0 0 0 0 81 0 0 79 
0 0 0 0 0 0 0 0 81 0 0 79 
0 0 0 0 0 0 0 0 81 0 0 79 
0 0 0 0 0 0 0 0 81 0 0 79 
0 0 0 0 0 0 0 0 81 0 0 79 
0 0 0 0 0 0 0 0 81 0 0 79 
0 0 0 0 0 0 0 0 81 0 0 79 
0 0 0 0 0 0 0 0 81 0 0 79 
0 0 0 0 0 0 0 0 81 0 0 79 
0 0 0 0 0 0 0 0 81 0 0 79 
0 0 0 0 0 0 0 0 81 0 0 79 
0 0 0 0 0 0 0 0 81 0 0 79 
0 0 0 0 0 0 0 0 81 0 0 79 
0 0 0 0 0 0 0 0 81 0 0 79 
0 0 0 0 0 0 0 0 81 0 0 79 
0 0 0 0 0 0 0 0 81 0 0 79 
0 0 0 0 0 0 0 0 81 0 0 79 
0 0 0 0 0 0 0 0 81 0 0 79 
0 0 0 0 0 0 0 0 81 0 0 79 
0 0 0 0 0 0 0 0 81 0 0 79 
0 0 0 0 0 0 0 0 81 0 0 79 
0 0 0 0 0 0 0 0 81 0 0 79 
0 0 0 0 0 0 0 0 81 0 0 79 
0 0 0 0 0 0 0 0 81 0 0 79 
0 0 0 0 0 0 0 0 81 0 0 79 
0 0 0 0 0 0 0 0 81 0 0 79 
0 0 0 0 0 0 0 0 81 0 0 79 
0 0 0 0 0 0 0 0 81 0 0 79 
0 0 0 0 0 0 0 0 81 0 0 79 
0 0 0 0 0 0 0 0 81 0 0 79 
0 0 0 0 0 0 0 0 81 0 0 79 
0 0 0 0 0 0 0 0 81 0 0 79 
0 0 0 0 0 0 0 0 81 0 0 79 
0 0 0 0 0 0 0 0 81 0 0 79 
0 0 0 0 0 0 0 0 81 0 0 79 
0 0 0 0 0 0 0 0 81 0 0 79 
0 0 0 0 0 0 0 0 81 0 0 79 
0 0 0 0 0 0 0 0 81 0 0 79 
0 0 0 0 0 0 0 0 81 0 0 79 
0 0 0 0 0 0 0 0 81 0 0 79 
0 0 0 0 0 0 0 0 81 0 0 79 
0 0 0 0 0 0 0 0 81 0 0 79 
0 0 0 0 0 0 0 0 81 0 0 79 
0 0 0 0 0 0 0 0 81 0 0 79 
0 0 0 0 0 0 0 0 81 0 0 79 
0 0 0 0 0 0 0 0 81 0 0 79 
0 0 0 0 0 0 0 0 81 0 0 79 
0 0 0 0 0 0 0 0 81 0 0 79 
0 0 0 0 0 0 0 0 81 0 0 79 
0 0 0 0 0 0 0 0 81 0 0 79 
0 0 0 0 0 0 0 0 81 0 0 79 
0 0 0 0 0 0 0 0 81 0 0 79 
0 0 0 0 0 0 0 0 81 0 0 79 
0 0 0 0 0 0 0 0 81 0 0 79 
0 0 0 0 0 0 0 0 81 0 0 79 
0 0 0 0 0 0 0 0 81 0 0 79 
0 0 0 0 0 0 0 0 81 0 0 79 
0 0 0 0 0 0 0 0 81 0 0 79 
0 0 0 0 0 0 0 0 81 0 0 79 
0 0 0 0 0 0 0 0 81 0 0 79 
0 0 0 0 0 0 0 0 81 0 0 79 
0 0 0 0 0 0 0 0 81 0 0 79 
0 0 0 0 0 0 0 0 81 0 0 79 
0 0 0 0 0 0 0 0 81 0 0 79 
0 0 0 0 0 0 0 0 81 0 0 79 
0 0 0 0 0 0 0 0 0 0 0 0 
