0.9219000000000012 0.24129999999999946 0.24129999999999946 0.1603000000000006 0.8355000000000015 0.24084999999999895 0.24084999999999895 0.16015000000000046 0.7523000000000001 0.2401499999999992 0.2401499999999992 0.15995000000000065 
0.24120000000000089 0.9220000000000004 0.16025000000000036 0.24120000000000089 0.24090000000000117 0.8353999999999997 0.1602000000000004 0.24090000000000117 0.24020000000000152 0.7522000000000024 0.16000000000000061 0.24020000000000152 
0.24120000000000097 0.16019999999999984 0.9218 0.24120000000000097 0.24065000000000056 0.16014999999999963 0.8353000000000005 0.24065000000000056 0.24015000000000009 0.1599499999999998 0.7522000000000008 0.24015000000000009 
0.16015000000000074 0.2411500000000007 0.2411500000000007 0.9218500000000007 0.1601000000000008 0.24075000000000096 0.24075000000000096 0.8353000000000007 0.15995000000000095 0.24005000000000135 0.24005000000000135 0.7521500000000014 
0.835249999999999 0.24079999999999896 0.24079999999999896 0.15999999999999887 0.8359999999999992 0.24049999999999927 0.24049999999999927 0.15999999999999887 0.752849999999998 0.2398499999999995 0.2398499999999995 0.15979999999999878 
0.24075000000000216 0.8352500000000012 0.16010000000000107 0.24075000000000216 0.24035000000000198 0.836000000000001 0.1600000000000012 0.24035000000000198 0.2398500000000018 0.7528500000000016 0.15985000000000132 0.2398500000000018 
0.2407999999999996 0.15999999999999945 0.8352499999999999 0.2407999999999996 0.24039999999999878 0.15999999999999945 0.8359999999999994 0.24039999999999878 0.2398999999999989 0.159899999999999 0.7528999999999987 0.2398999999999989 
0.16014999999999988 0.24084999999999784 0.24084999999999784 0.8352499999999999 0.16004999999999997 0.24029999999999802 0.24029999999999802 0.8361000000000007 0.1598500000000002 0.23984999999999781 0.23984999999999781 0.7528499999999977 
0.7522500000000004 0.24010000000000015 0.24010000000000015 0.15999999999999862 0.75285 0.23985000000000012 0.23985000000000012 0.1598499999999982 0.7540999999999992 0.2392999999999998 0.2392999999999998 0.1596499999999978 
0.24015000000000067 0.7521500000000008 0.16000000000000061 0.24015000000000067 0.2400000000000005 0.753 0.15995000000000065 0.2400000000000005 0.23930000000000007 0.7541500000000003 0.15975000000000025 0.23930000000000007 
0.240100000000001 0.15990000000000013 0.7521499999999999 0.240100000000001 0.23980000000000073 0.15980000000000022 0.7528000000000006 0.23980000000000073 0.23930000000000035 0.15975000000000025 0.7541000000000009 0.23930000000000035 
0.16000000000000061 0.24014999999999898 0.24014999999999898 0.7522499999999995 0.1599500000000001 0.23994999999999914 0.23994999999999914 0.7529499999999992 0.1597499999999997 0.2392999999999998 0.2392999999999998 0.7540999999999992 
