PE_L1_1 PE_L1_2 PE_L1_3 PE_L1_4 PE_L1_5 PE_L1_6 PE_L1_7 PE_L1_8 PE_L1_9 PE_L2_1 PE_L2_2 PE_L2_3 PE_L2_4 PE_L2_5 PE_L2_6 PE_L2_7 PE_L2_8 PE_L2_9 
0 0 0 0 0 0 0 0 0 31 79 81 31 31 0 89 23 84 
0 0 0 0 0 0 0 0 0 31 79 81 31 31 0 89 23 84 
0 0 0 0 0 0 0 0 0 31 79 81 31 31 0 89 23 84 
0 0 0 0 0 0 0 0 0 31 79 81 31 31 0 89 23 84 
0 0 0 0 0 0 0 0 0 31 79 81 31 31 0 89 23 84 
0 0 0 0 0 0 0 0 0 31 79 81 31 31 0 89 23 84 
0 0 0 0 0 0 0 0 0 31 79 81 31 31 0 89 23 84 
0 0 0 0 0 0 0 0 0 31 79 81 31 31 0 89 23 84 
0 0 0 0 0 0 0 0 0 31 79 81 31 31 0 89 23 84 
0 0 0 0 0 0 0 0 0 31 79 81 31 31 0 89 23 84 
0 0 0 0 0 0 0 0 0 64 79 81 31 31 24 89 34 0 
0 0 0 0 0 0 0 0 0 64 79 81 31 31 24 89 34 0 
0 0 0 0 0 0 0 0 0 64 79 81 31 31 24 89 34 0 
0 0 0 0 0 0 0 0 0 64 79 81 31 31 24 89 34 0 
0 0 0 0 0 0 0 0 0 64 79 81 31 31 24 89 34 0 
0 0 0 0 0 0 0 0 0 64 79 81 31 31 24 89 34 0 
0 0 0 0 0 0 0 0 0 64 79 81 31 31 24 89 34 0 
0 0 0 0 0 0 0 0 0 64 79 81 31 31 24 89 34 0 
0 0 0 0 0 0 0 0 0 64 79 81 31 31 24 89 34 0 
0 0 0 0 0 0 0 0 0 64 79 81 31 31 24 89 34 0 
0 0 0 0 0 0 0 0 0 28 79 81 31 31 24 89 34 0 
0 0 0 0 0 0 0 0 0 28 79 81 31 31 24 89 34 0 
0 0 0 0 0 0 0 0 0 28 79 81 31 31 24 89 34 0 
0 0 0 0 0 0 0 0 0 28 79 81 31 31 24 89 34 0 
0 0 0 0 0 0 0 0 0 28 79 81 31 31 24 89 34 0 
0 0 0 0 0 0 0 0 0 28 79 81 31 31 24 89 34 0 
0 0 0 0 0 0 0 0 0 28 79 81 31 31 24 89 34 0 
0 0 0 0 0 0 0 0 0 28 79 81 31 31 24 89 34 0 
0 0 0 0 0 0 0 0 0 28 79 81 31 31 24 89 34 0 
0 0 0 0 0 0 0 0 0 28 79 81 31 31 24 89 34 0 
0 0 0 0 0 0 0 0 0 28 79 81 31 31 24 94 34 0 
0 0 0 0 0 0 0 0 0 28 79 81 31 31 24 94 34 0 
0 0 0 0 0 0 0 0 0 28 79 81 31 31 24 94 34 0 
0 0 0 0 0 0 0 0 0 28 79 81 31 31 24 94 34 0 
0 0 0 0 0 0 0 0 0 28 79 81 31 31 24 94 34 0 
0 0 0 0 0 0 0 0 0 28 79 81 31 31 24 94 34 0 
0 0 0 0 0 0 0 0 0 28 79 81 31 31 24 94 34 0 
0 0 0 0 0 0 0 0 0 28 79 81 31 31 24 94 34 0 
0 0 0 0 0 0 0 0 0 28 79 81 31 31 24 94 34 0 
0 0 0 0 0 0 0 0 0 28 79 81 31 31 24 94 34 0 
0 0 0 0 0 0 0 0 0 28 79 81 31 31 24 94 34 51 
0 0 0 0 0 0 0 0 0 28 79 81 31 31 24 94 34 51 
0 0 0 0 0 0 0 0 0 28 79 81 31 31 24 94 34 51 
0 0 0 0 0 0 0 0 0 28 79 81 31 31 24 94 34 51 
0 0 0 0 0 0 0 0 0 28 79 81 31 31 24 94 34 51 
0 0 0 0 0 0 0 0 0 28 79 81 31 31 24 94 34 51 
0 0 0 0 0 0 0 0 0 28 79 81 31 31 24 94 34 51 
0 0 0 0 0 0 0 0 0 28 79 81 31 31 24 94 34 51 
0 0 0 0 0 0 0 0 0 28 79 81 31 31 24 94 34 51 
0 0 0 0 0 0 0 0 0 28 79 81 31 31 24 94 34 51 
0 0 0 0 0 0 0 0 0 28 79 81 34 31 24 94 34 51 
0 0 0 0 0 0 0 0 0 28 79 81 34 31 24 94 34 51 
0 0 0 0 0 0 0 0 0 28 79 81 34 31 24 94 34 51 
0 0 0 0 0 0 0 0 0 28 79 81 34 31 24 94 34 51 
0 0 0 0 0 0 0 0 0 28 79 81 34 31 24 94 34 51 
0 0 0 0 0 0 0 0 0 28 79 81 34 31 24 94 34 51 
0 0 0 0 0 0 0 0 0 28 79 81 34 31 24 94 34 51 
0 0 0 0 0 0 0 0 0 28 79 81 34 31 24 94 34 51 
0 0 0 0 0 0 0 0 0 28 79 81 34 31 24 94 34 51 
0 0 0 0 0 0 0 0 0 28 79 81 34 31 24 94 34 51 
0 0 0 0 0 0 0 0 0 28 79 81 34 31 24 94 34 51 
0 0 0 0 0 0 0 0 0 28 79 81 34 31 24 94 34 51 
0 0 0 0 0 0 0 0 0 28 79 81 34 31 24 94 34 51 
0 0 0 0 0 0 0 0 0 28 79 81 34 31 24 94 34 51 
0 0 0 0 0 0 0 0 0 28 79 81 34 31 24 94 34 51 
0 0 0 0 0 0 0 0 0 28 79 81 34 31 24 94 34 51 
0 0 0 0 0 0 0 0 0 28 79 81 34 31 24 94 34 51 
0 0 0 0 0 0 0 0 0 28 79 81 34 31 24 94 34 51 
0 0 0 0 0 0 0 0 0 28 79 81 34 31 24 94 34 51 
0 0 0 0 0 0 0 0 0 28 79 81 34 31 24 94 34 51 
0 0 0 0 0 0 0 0 0 28 79 81 34 31 24 94 50 51 
0 0 0 0 0 0 0 0 0 28 79 81 34 31 24 94 50 51 
0 0 0 0 0 0 0 0 0 28 79 81 34 31 24 94 50 51 
0 0 0 0 0 0 0 0 0 28 79 81 34 31 24 94 50 51 
0 0 0 0 0 0 0 0 0 28 79 81 34 31 24 94 50 51 
0 0 0 0 0 0 0 0 0 28 79 81 34 31 24 94 50 51 
0 0 0 0 0 0 0 0 0 28 79 81 34 31 24 94 50 51 
0 0 0 0 0 0 0 0 0 28 79 81 34 31 24 94 50 51 
0 0 0 0 0 0 0 0 0 28 79 81 34 31 24 94 50 51 
0 0 0 0 0 0 0 0 0 28 79 81 34 31 24 94 50 51 
0 0 0 0 0 0 0 0 0 28 79 81 34 31 24 94 50 51 
0 0 0 0 0 0 0 0 0 28 79 81 34 31 24 94 50 51 
0 0 0 0 0 0 0 0 0 28 79 81 34 31 24 94 50 51 
0 0 0 0 0 0 0 0 0 28 79 81 34 31 24 94 50 51 
0 0 0 0 0 0 0 0 0 28 79 81 34 31 24 94 50 51 
0 0 0 0 0 0 0 0 0 28 79 81 34 31 24 94 50 51 
0 0 0 0 0 0 0 0 0 28 79 81 34 31 24 94 50 51 
0 0 0 0 0 0 0 0 0 28 79 81 34 31 24 94 50 51 
0 0 0 0 0 0 0 0 0 28 79 81 34 31 24 94 50 51 
0 0 0 0 0 0 0 0 0 28 79 81 34 31 24 94 50 51 
0 0 0 0 0 0 0 0 0 28 79 81 34 31 24 94 50 51 
0 0 0 0 0 0 0 0 0 28 79 81 34 31 24 94 50 51 
0 0 0 0 0 0 0 0 0 28 79 81 34 31 24 94 50 51 
0 0 0 0 0 0 0 0 0 28 79 81 34 31 24 94 50 51 
0 0 0 0 0 0 0 0 0 28 79 81 34 31 24 94 50 51 
0 0 0 0 0 0 0 0 0 28 79 81 34 31 24 94 50 51 
0 0 0 0 0 0 0 0 0 28 79 81 34 31 24 94 50 51 
0 0 0 0 0 0 0 0 0 28 79 81 34 31 24 94 50 51 
0 0 0 0 0 0 0 0 0 28 79 81 34 31 24 94 50 51 
0 0 0 0 0 0 0 0 0 28 79 81 34 31 24 94 50 51 
0 0 0 0 0 0 0 0 0 28 79 81 34 31 24 94 50 51 
0 0 0 0 0 0 0 0 0 28 79 81 34 31 24 94 50 51 
0 0 0 0 0 0 0 0 0 28 79 81 34 31 24 94 50 51 
0 0 0 0 0 0 0 0 0 28 79 81 34 31 24 94 50 51 
0 0 0 0 0 0 0 0 0 28 79 81 34 31 24 94 50 51 
0 0 0 0 0 0 0 0 0 28 79 81 34 31 24 94 50 51 
0 0 0 0 0 0 0 0 0 28 79 81 34 31 24 94 50 51 
0 0 0 0 0 0 0 0 0 28 79 81 34 31 24 94 50 51 
0 0 0 0 0 0 0 0 0 28 79 81 34 31 24 94 50 51 
0 0 0 0 0 0 0 0 0 28 79 81 34 31 24 94 50 51 
0 0 0 0 0 0 0 0 0 28 79 81 34 31 24 94 50 51 
0 0 0 0 0 0 0 0 0 28 79 81 34 31 24 94 50 51 
0 0 0 0 0 0 0 0 0 28 79 81 34 31 24 94 50 51 
0 0 0 0 0 0 0 0 0 28 79 81 34 31 24 94 50 51 
0 0 0 0 0 0 0 0 0 28 79 81 34 31 24 94 50 51 
0 0 0 0 0 0 0 0 0 28 79 81 34 31 24 94 50 51 
0 0 0 0 0 0 0 0 0 28 79 81 34 31 24 94 50 51 
0 0 0 0 0 0 0 0 0 28 79 81 34 31 24 94 50 51 
0 0 0 0 0 0 0 0 0 28 79 81 34 31 24 94 50 51 
0 0 0 0 0 0 0 0 0 28 79 81 34 31 24 94 50 51 
0 0 0 0 0 0 0 0 0 28 79 81 34 31 24 94 50 51 
0 0 0 0 0 0 0 0 0 28 79 81 34 31 24 94 50 51 
0 0 0 0 0 0 0 0 0 28 79 81 34 31 24 94 50 51 
0 0 0 0 0 0 0 0 0 28 79 81 34 31 24 94 50 51 
0 0 0 0 0 0 0 0 0 28 79 81 34 31 24 94 50 51 
0 0 0 0 0 0 0 0 0 28 79 81 34 31 24 94 50 51 
0 0 0 0 0 0 0 0 0 28 79 81 34 31 24 94 50 51 
0 0 0 0 0 0 0 0 0 28 79 81 34 31 24 94 50 51 
0 0 0 0 0 0 0 0 0 28 79 81 34 31 24 94 50 51 
0 0 0 0 0 0 0 0 0 28 79 81 34 31 24 94 50 51 
0 0 0 0 0 0 0 0 0 28 79 81 34 31 24 94 50 51 
0 0 0 0 0 0 0 0 0 28 79 81 34 31 24 94 50 51 
0 0 0 0 0 0 0 0 0 28 79 81 34 31 24 94 50 51 
0 0 0 0 0 0 0 0 0 28 79 81 34 31 24 94 50 51 
0 0 0 0 0 0 0 0 0 28 79 81 34 31 24 94 50 51 
0 0 0 0 0 0 0 0 0 28 79 81 34 31 24 94 50 51 
0 0 0 0 0 0 0 0 0 28 79 81 34 31 24 94 50 51 
0 0 0 0 0 0 0 0 0 28 79 81 34 31 24 94 50 51 
0 0 0 0 0 0 0 0 0 28 79 81 34 31 24 94 50 51 
0 0 0 0 0 0 0 0 0 28 79 81 34 31 24 94 50 51 
0 0 0 0 0 0 0 0 0 28 79 81 34 31 24 94 50 51 
0 0 0 0 0 0 0 0 0 28 79 81 34 31 24 94 50 51 
0 0 0 0 0 0 0 0 0 28 79 81 34 31 24 94 50 51 
0 0 0 0 0 0 0 0 0 28 79 81 34 31 24 94 50 51 
0 0 0 0 0 0 0 0 0 28 79 81 34 31 24 94 50 51 
0 0 0 0 0 0 0 0 0 28 79 81 34 31 24 94 50 51 
0 0 0 0 0 0 0 0 0 28 79 81 34 31 24 94 50 51 
0 0 0 0 0 0 0 0 0 28 79 81 34 31 24 94 50 51 
0 0 0 0 0 0 0 0 0 28 79 81 34 31 24 94 50 51 
0 0 0 0 0 0 0 0 0 28 79 81 34 31 24 94 50 51 
0 0 0 0 0 0 0 0 0 28 79 81 34 31 24 94 50 51 
0 0 0 0 0 0 0 0 0 28 79 81 34 31 24 94 50 51 
0 0 0 0 0 0 0 0 0 28 79 81 34 31 24 94 50 51 
0 0 0 0 0 0 0 0 0 28 79 81 34 31 24 94 50 51 
0 0 0 0 0 0 0 0 0 28 79 81 34 31 24 94 50 51 
0 0 0 0 0 0 0 0 0 28 79 81 34 31 24 94 50 51 
0 0 0 0 0 0 0 0 0 28 79 81 34 31 24 94 50 51 
0 0 0 0 0 0 0 0 0 28 79 81 34 31 24 94 50 51 
0 0 0 0 0 0 0 0 0 28 79 81 34 31 24 94 50 51 
0 0 0 0 0 0 0 0 0 28 79 81 34 31 24 94 50 51 
0 0 0 0 0 0 0 0 0 28 79 81 34 31 24 94 50 51 
0 0 0 0 0 0 0 0 0 28 79 81 34 31 24 94 50 51 
0 0 0 0 0 0 0 0 0 28 79 81 34 31 24 94 50 51 
0 0 0 0 0 0 0 0 0 28 79 81 34 31 24 94 50 51 
0 0 0 0 0 0 0 0 0 28 79 81 34 31 24 94 50 51 
0 0 0 0 0 0 0 0 0 28 79 81 34 31 24 94 50 51 
0 0 0 0 0 0 0 0 0 28 79 81 34 31 24 94 50 51 
0 0 0 0 0 0 0 0 0 28 79 81 34 31 24 94 50 51 
0 0 0 0 0 0 0 0 0 28 79 81 34 31 24 94 50 51 
0 0 0 0 0 0 0 0 0 28 79 81 34 31 24 94 50 51 
0 0 0 0 0 0 0 0 0 32 79 81 34 31 24 94 50 51 
0 0 0 0 0 0 0 0 0 32 79 81 34 31 24 94 50 51 
0 0 0 0 0 0 0 0 0 32 79 81 34 31 24 94 50 51 
0 0 0 0 0 0 0 0 0 32 79 81 34 31 24 94 50 51 
0 0 0 0 0 0 0 0 0 32 79 81 34 31 24 94 50 51 
0 0 0 0 0 0 0 0 0 32 79 81 34 31 24 94 50 51 
0 0 0 0 0 0 0 0 0 32 79 81 34 31 24 94 50 51 
0 0 0 0 0 0 0 0 0 32 79 81 34 31 24 94 50 51 
0 0 0 0 0 0 0 0 0 32 79 81 34 31 24 94 50 51 
0 0 0 0 0 0 0 0 0 32 79 81 34 31 24 94 50 51 
0 0 0 0 0 0 0 0 0 32 79 81 34 31 24 94 50 51 
0 0 0 0 0 0 0 0 0 32 79 81 34 31 24 94 50 51 
0 0 0 0 0 0 0 0 0 32 79 81 34 31 24 94 50 51 
0 0 0 0 0 0 0 0 0 32 79 81 34 31 24 94 50 51 
0 0 0 0 0 0 0 0 0 32 79 81 34 31 24 94 50 51 
0 0 0 0 0 0 0 0 0 32 79 81 34 31 24 94 50 51 
0 0 0 0 0 0 0 0 0 32 79 81 34 31 24 94 50 51 
0 0 0 0 0 0 0 0 0 32 79 81 34 31 24 94 50 51 
0 0 0 0 0 0 0 0 0 32 79 81 34 31 24 94 50 51 
0 0 0 0 0 0 0 0 0 32 79 81 34 31 24 94 50 51 
0 0 0 0 0 0 0 0 0 32 79 81 34 31 24 94 0 51 
0 0 0 0 0 0 0 0 0 32 79 81 34 31 24 94 0 51 
0 0 0 0 0 0 0 0 0 32 79 81 34 31 24 94 0 51 
0 0 0 0 0 0 0 0 0 32 79 81 34 31 24 94 0 51 
0 0 0 0 0 0 0 0 0 32 79 81 34 31 24 94 0 51 
0 0 0 0 0 0 0 0 0 32 79 81 34 31 24 94 0 51 
0 0 0 0 0 0 0 0 0 32 79 81 34 31 24 94 0 51 
0 0 0 0 0 0 0 0 0 32 79 81 34 31 24 94 0 51 
0 0 0 0 0 0 0 0 0 32 79 81 34 31 24 94 0 51 
0 0 0 0 0 0 0 0 0 32 79 81 34 31 24 94 0 51 
0 0 0 0 0 0 0 0 0 0 0 0 0 0 0 0 0 0 
