PE_L1_1 PE_L1_2 PE_L1_3 PE_L1_4 PE_L1_5 PE_L1_6 PE_L1_7 PE_L1_8 PE_L1_9 PE_L2_1 PE_L2_2 PE_L2_3 PE_L2_4 PE_L2_5 PE_L2_6 PE_L2_7 PE_L2_8 PE_L2_9 
0 0 0 0 0 0 0 0 34 0 0 0 0 0 31 31 64 89 
0 0 0 0 0 0 0 0 34 0 0 0 0 0 31 31 64 89 
0 0 0 0 0 0 0 0 34 0 0 0 0 0 31 31 64 89 
0 0 0 0 0 0 0 0 34 0 0 0 0 0 31 31 64 89 
0 0 0 0 0 0 0 0 34 0 0 0 0 0 31 31 64 89 
0 0 0 0 0 0 0 0 34 0 0 0 0 0 31 31 64 89 
0 0 0 0 0 0 0 0 34 0 0 0 0 0 31 31 64 89 
0 0 0 0 0 0 0 0 34 0 0 0 0 0 31 31 64 89 
0 0 0 0 0 0 0 0 34 0 0 0 0 0 31 31 64 89 
0 0 0 0 0 0 0 0 34 0 0 0 0 0 31 31 64 89 
0 54 0 0 0 0 0 0 34 0 0 0 0 0 31 0 0 89 
0 54 0 0 0 0 0 0 34 0 0 0 0 0 31 0 0 89 
0 54 0 0 0 0 0 0 34 0 0 0 0 0 31 0 0 89 
0 54 0 0 0 0 0 0 34 0 0 0 0 0 31 0 0 89 
0 54 0 0 0 0 0 0 34 0 0 0 0 0 31 0 0 89 
0 54 0 0 0 0 0 0 34 0 0 0 0 0 31 0 0 89 
0 54 0 0 0 0 0 0 34 0 0 0 0 0 31 0 0 89 
0 54 0 0 0 0 0 0 34 0 0 0 0 0 31 0 0 89 
0 54 0 0 0 0 0 0 34 0 0 0 0 0 31 0 0 89 
0 54 0 0 0 0 0 0 34 0 0 0 0 0 31 0 0 89 
0 54 0 0 0 0 32 0 34 0 0 0 0 0 31 0 0 89 
0 54 0 0 0 0 32 0 34 0 0 0 0 0 31 0 0 89 
0 54 0 0 0 0 32 0 34 0 0 0 0 0 31 0 0 89 
0 54 0 0 0 0 32 0 34 0 0 0 0 0 31 0 0 89 
0 54 0 0 0 0 32 0 34 0 0 0 0 0 31 0 0 89 
0 54 0 0 0 0 32 0 34 0 0 0 0 0 31 0 0 89 
0 54 0 0 0 0 32 0 34 0 0 0 0 0 31 0 0 89 
0 54 0 0 0 0 32 0 34 0 0 0 0 0 31 0 0 89 
0 54 0 0 0 0 32 0 34 0 0 0 0 0 31 0 0 89 
0 54 0 0 0 0 32 0 34 0 0 0 0 0 31 0 0 89 
0 54 0 0 0 0 32 0 34 0 0 0 0 0 31 0 0 84 
0 54 0 0 0 0 32 0 34 0 0 0 0 0 31 0 0 84 
0 54 0 0 0 0 32 0 34 0 0 0 0 0 31 0 0 84 
0 54 0 0 0 0 32 0 34 0 0 0 0 0 31 0 0 84 
0 54 0 0 0 0 32 0 34 0 0 0 0 0 31 0 0 84 
0 54 0 0 0 0 32 0 34 0 0 0 0 0 31 0 0 84 
0 54 0 0 0 0 32 0 34 0 0 0 0 0 31 0 0 84 
0 54 0 0 0 0 32 0 34 0 0 0 0 0 31 0 0 84 
0 54 0 0 0 0 32 0 34 0 0 0 0 0 31 0 0 84 
0 54 0 0 0 0 32 0 34 0 0 0 0 0 31 0 0 84 
0 54 0 0 0 0 32 0 34 0 0 0 0 0 31 0 0 81 
0 54 0 0 0 0 32 0 34 0 0 0 0 0 31 0 0 81 
0 54 0 0 0 0 32 0 34 0 0 0 0 0 31 0 0 81 
0 54 0 0 0 0 32 0 34 0 0 0 0 0 31 0 0 81 
0 54 0 0 0 0 32 0 34 0 0 0 0 0 31 0 0 81 
0 54 0 0 0 0 32 0 34 0 0 0 0 0 31 0 0 81 
0 54 0 0 0 0 32 0 34 0 0 0 0 0 31 0 0 81 
0 54 0 0 0 0 32 0 34 0 0 0 0 0 31 0 0 81 
0 54 0 0 0 0 32 0 34 0 0 0 0 0 31 0 0 81 
0 54 0 0 0 0 32 0 34 0 0 0 0 0 31 0 0 81 
0 54 0 0 0 0 0 0 34 0 34 0 0 0 0 0 0 81 
0 54 0 0 0 0 0 0 34 0 34 0 0 0 0 0 0 81 
0 54 0 0 0 0 0 0 34 0 34 0 0 0 0 0 0 81 
0 54 0 0 0 0 0 0 34 0 34 0 0 0 0 0 0 81 
0 54 0 0 0 0 0 0 34 0 34 0 0 0 0 0 0 81 
0 54 0 0 0 0 0 0 34 0 34 0 0 0 0 0 0 81 
0 54 0 0 0 0 0 0 34 0 34 0 0 0 0 0 0 81 
0 54 0 0 0 0 0 0 34 0 34 0 0 0 0 0 0 81 
0 54 0 0 0 0 0 0 34 0 34 0 0 0 0 0 0 81 
0 54 0 0 0 0 0 0 34 0 34 0 0 0 0 0 0 81 
0 54 0 0 0 0 0 0 0 0 34 0 0 0 0 0 0 81 
0 54 0 0 0 0 0 0 0 0 34 0 0 0 0 0 0 81 
0 54 0 0 0 0 0 0 0 0 34 0 0 0 0 0 0 81 
0 54 0 0 0 0 0 0 0 0 34 0 0 0 0 0 0 81 
0 54 0 0 0 0 0 0 0 0 34 0 0 0 0 0 0 81 
0 54 0 0 0 0 0 0 0 0 34 0 0 0 0 0 0 81 
0 54 0 0 0 0 0 0 0 0 34 0 0 0 0 0 0 81 
0 54 0 0 0 0 0 0 0 0 34 0 0 0 0 0 0 81 
0 54 0 0 0 0 0 0 0 0 34 0 0 0 0 0 0 81 
0 54 0 0 0 0 0 0 0 0 34 0 0 0 0 0 0 81 
0 54 0 0 0 0 0 0 0 0 34 0 0 0 0 0 0 81 
0 54 0 0 0 0 0 0 0 0 34 0 0 0 0 0 0 81 
0 54 0 0 0 0 0 0 0 0 34 0 0 0 0 0 0 81 
0 54 0 0 0 0 0 0 0 0 34 0 0 0 0 0 0 81 
0 54 0 0 0 0 0 0 0 0 34 0 0 0 0 0 0 81 
0 54 0 0 0 0 0 0 0 0 34 0 0 0 0 0 0 81 
0 54 0 0 0 0 0 0 0 0 34 0 0 0 0 0 0 81 
0 54 0 0 0 0 0 0 0 0 34 0 0 0 0 0 0 81 
0 54 0 0 0 0 0 0 0 0 34 0 0 0 0 0 0 81 
0 54 0 0 0 0 0 0 0 0 34 0 0 0 0 0 0 81 
0 54 0 0 0 0 0 0 0 0 34 0 0 0 0 0 0 81 
0 54 0 0 0 0 0 0 0 0 34 0 0 0 0 0 0 81 
0 54 0 0 0 0 0 0 0 0 34 0 0 0 0 0 0 81 
0 54 0 0 0 0 0 0 0 0 34 0 0 0 0 0 0 81 
0 54 0 0 0 0 0 0 0 0 34 0 0 0 0 0 0 81 
0 54 0 0 0 0 0 0 0 0 34 0 0 0 0 0 0 81 
0 54 0 0 0 0 0 0 0 0 34 0 0 0 0 0 0 81 
0 54 0 0 0 0 0 0 0 0 34 0 0 0 0 0 0 81 
0 54 0 0 0 0 0 0 0 0 34 0 0 0 0 0 0 81 
0 54 0 0 0 0 0 0 0 0 34 0 0 0 0 0 0 81 
0 54 0 0 0 0 0 0 0 0 34 0 0 0 0 0 0 81 
0 54 0 0 0 0 0 0 0 0 34 0 0 0 0 0 0 81 
0 54 0 0 0 0 0 0 0 0 34 0 0 0 0 0 0 81 
0 54 0 0 0 0 0 0 0 0 34 0 0 0 0 0 0 81 
0 54 0 0 0 0 0 0 0 0 34 0 0 0 0 0 0 81 
0 54 0 0 0 0 0 0 0 0 34 0 0 0 0 0 0 81 
0 54 0 0 0 0 0 0 0 0 34 0 0 0 0 0 0 81 
0 54 0 0 0 0 0 0 0 0 34 0 0 0 0 0 0 81 
0 54 0 0 0 0 0 0 0 0 34 0 0 0 0 0 0 81 
0 54 0 0 0 0 0 0 0 0 34 0 0 0 0 0 0 81 
0 54 0 0 0 0 0 0 0 0 34 0 0 0 0 0 0 81 
0 54 0 0 0 0 0 0 0 0 34 0 0 0 0 0 0 81 
0 54 0 0 0 0 0 0 0 0 34 0 0 0 0 0 0 81 
0 54 0 0 0 0 0 0 0 0 34 0 0 0 0 0 0 81 
0 54 0 0 0 0 0 0 0 0 34 0 0 0 0 0 0 81 
0 54 0 0 0 0 0 0 0 0 34 0 0 0 0 0 0 81 
0 54 0 0 0 0 0 0 0 0 34 0 0 0 0 0 0 81 
0 54 0 0 0 0 0 0 0 0 34 0 0 0 0 0 0 81 
0 54 0 0 0 0 0 0 0 0 34 0 0 0 0 0 0 81 
0 54 0 0 0 0 0 0 0 0 34 0 0 0 0 0 0 81 
0 54 0 0 0 0 0 0 0 0 34 0 0 0 0 0 0 81 
0 54 0 0 0 0 0 0 0 0 34 0 0 0 0 0 0 81 
0 54 0 0 0 0 0 0 0 0 34 0 0 0 0 0 0 81 
0 54 0 0 0 0 0 0 0 0 34 0 0 0 0 0 0 81 
0 54 0 0 0 0 0 0 0 0 34 0 0 0 0 0 0 81 
0 54 0 0 0 0 0 0 0 0 34 0 0 0 0 0 0 81 
0 54 0 0 0 0 0 0 0 0 34 0 0 0 0 0 0 81 
0 54 0 0 0 0 0 0 0 0 34 0 0 0 0 0 0 81 
0 54 0 0 0 0 0 0 0 0 34 0 0 0 0 0 0 81 
0 54 0 0 0 0 0 0 0 0 34 0 0 0 0 0 0 81 
0 54 0 0 0 0 0 0 0 0 34 0 0 0 0 0 0 81 
0 54 0 0 0 0 0 0 0 0 34 0 0 0 0 0 0 81 
0 54 0 0 0 0 0 0 0 0 34 0 0 0 0 0 0 81 
0 54 0 0 0 0 0 0 0 0 34 0 0 0 0 0 0 81 
0 54 0 0 0 0 0 0 0 0 34 0 0 0 0 0 0 81 
0 54 0 0 0 0 0 0 0 0 34 0 0 0 0 0 0 81 
0 54 0 0 0 0 0 0 0 0 34 0 0 0 0 0 0 81 
0 54 0 0 0 0 0 0 0 0 34 0 0 0 0 0 0 81 
0 54 0 0 0 0 0 0 0 0 34 0 0 0 0 0 0 81 
0 54 0 0 0 0 0 0 0 0 34 0 0 0 0 0 0 81 
0 54 0 0 0 0 0 0 0 0 34 0 0 0 0 0 0 81 
0 54 0 0 0 0 0 0 0 0 34 0 0 0 0 0 0 81 
0 54 0 0 0 0 0 0 0 0 34 0 0 0 0 0 0 81 
0 54 0 0 0 0 0 0 0 0 34 0 0 0 0 0 0 81 
0 54 0 0 0 0 0 0 0 0 34 0 0 0 0 0 0 81 
0 54 0 0 0 0 0 0 0 0 34 0 0 0 0 0 0 81 
0 54 0 0 0 0 0 0 0 0 34 0 0 0 0 0 0 81 
0 54 0 0 0 0 0 0 0 0 34 0 0 0 0 0 0 81 
0 54 0 0 0 0 0 0 0 0 34 0 0 0 0 0 0 81 
0 54 0 0 0 0 0 0 0 0 34 0 0 0 0 0 0 81 
0 54 0 0 0 0 0 0 0 0 34 0 0 0 0 0 0 81 
0 54 0 0 0 0 0 0 0 0 34 0 0 0 0 0 0 81 
0 54 0 0 0 0 0 0 0 0 34 0 0 0 0 0 0 81 
0 54 0 0 0 0 0 0 0 0 34 0 0 0 0 0 0 81 
0 54 0 0 0 0 0 0 0 0 34 0 0 0 0 0 0 81 
0 54 0 0 0 0 0 0 0 0 34 0 0 0 0 0 0 81 
0 54 0 0 0 0 0 0 0 0 34 0 0 0 0 0 0 81 
0 54 0 0 0 0 0 0 0 0 34 0 0 0 0 0 0 81 
0 54 0 0 0 0 0 0 0 0 34 0 0 0 0 0 0 81 
0 54 0 0 0 0 0 0 0 0 34 0 0 0 0 0 0 81 
0 0 0 0 0 0 0 0 0 0 34 0 0 0 0 0 0 81 
0 0 0 0 0 0 0 0 0 0 34 0 0 0 0 0 0 81 
0 0 0 0 0 0 0 0 0 0 34 0 0 0 0 0 0 81 
0 0 0 0 0 0 0 0 0 0 34 0 0 0 0 0 0 81 
0 0 0 0 0 0 0 0 0 0 34 0 0 0 0 0 0 81 
0 0 0 0 0 0 0 0 0 0 34 0 0 0 0 0 0 81 
0 0 0 0 0 0 0 0 0 0 34 0 0 0 0 0 0 81 
0 0 0 0 0 0 0 0 0 0 34 0 0 0 0 0 0 81 
0 0 0 0 0 0 0 0 0 0 34 0 0 0 0 0 0 81 
0 0 0 0 0 0 0 0 0 0 34 0 0 0 0 0 0 81 
0 0 0 0 0 0 0 0 0 0 34 0 0 0 0 0 0 81 
0 0 0 0 0 0 0 0 0 0 34 0 0 0 0 0 0 81 
0 0 0 0 0 0 0 0 0 0 34 0 0 0 0 0 0 81 
0 0 0 0 0 0 0 0 0 0 34 0 0 0 0 0 0 81 
0 0 0 0 0 0 0 0 0 0 34 0 0 0 0 0 0 81 
0 0 0 0 0 0 0 0 0 0 34 0 0 0 0 0 0 81 
0 0 0 0 0 0 0 0 0 0 34 0 0 0 0 0 0 81 
0 0 0 0 0 0 0 0 0 0 34 0 0 0 0 0 0 81 
0 0 0 0 0 0 0 0 0 0 34 0 0 0 0 0 0 81 
0 0 0 0 0 0 0 0 0 0 34 0 0 0 0 0 0 81 
0 0 0 0 0 0 0 0 0 0 34 0 0 0 0 0 0 81 
0 0 0 0 0 0 0 0 0 0 34 0 0 0 0 0 0 81 
0 0 0 0 0 0 0 0 0 0 34 0 0 0 0 0 0 81 
0 0 0 0 0 0 0 0 0 0 34 0 0 0 0 0 0 81 
0 0 0 0 0 0 0 0 0 0 34 0 0 0 0 0 0 81 
0 0 0 0 0 0 0 0 0 0 34 0 0 0 0 0 0 81 
0 0 0 0 0 0 0 0 0 0 34 0 0 0 0 0 0 81 
0 0 0 0 0 0 0 0 0 0 34 0 0 0 0 0 0 81 
0 0 0 0 0 0 0 0 0 0 34 0 0 0 0 0 0 81 
0 0 0 0 0 0 0 0 0 0 34 0 0 0 0 0 0 81 
0 0 0 0 0 0 0 0 0 0 34 0 0 0 0 0 51 81 
0 0 0 0 0 0 0 0 0 0 34 0 0 0 0 0 51 81 
0 0 0 0 0 0 0 0 0 0 34 0 0 0 0 0 51 81 
0 0 0 0 0 0 0 0 0 0 34 0 0 0 0 0 51 81 
0 0 0 0 0 0 0 0 0 0 34 0 0 0 0 0 51 81 
0 0 0 0 0 0 0 0 0 0 34 0 0 0 0 0 51 81 
0 0 0 0 0 0 0 0 0 0 34 0 0 0 0 0 51 81 
0 0 0 0 0 0 0 0 0 0 34 0 0 0 0 0 51 81 
0 0 0 0 0 0 0 0 0 0 34 0 0 0 0 0 51 81 
0 0 0 0 0 0 0 0 0 0 34 0 0 0 0 0 51 81 
0 0 0 0 0 0 0 0 0 0 34 0 0 0 0 0 51 81 
0 0 0 0 0 0 0 0 0 0 34 0 0 0 0 0 51 81 
0 0 0 0 0 0 0 0 0 0 34 0 0 0 0 0 51 81 
0 0 0 0 0 0 0 0 0 0 34 0 0 0 0 0 51 81 
0 0 0 0 0 0 0 0 0 0 34 0 0 0 0 0 51 81 
0 0 0 0 0 0 0 0 0 0 34 0 0 0 0 0 51 81 
0 0 0 0 0 0 0 0 0 0 34 0 0 0 0 0 51 81 
0 0 0 0 0 0 0 0 0 0 34 0 0 0 0 0 51 81 
0 0 0 0 0 0 0 0 0 0 34 0 0 0 0 0 51 81 
0 0 0 0 0 0 0 0 0 0 34 0 0 0 0 0 51 81 
0 0 0 40 0 0 0 0 0 0 0 0 0 0 0 0 51 81 
0 0 0 40 0 0 0 0 0 0 0 0 0 0 0 0 51 81 
0 0 0 40 0 0 0 0 0 0 0 0 0 0 0 0 51 81 
0 0 0 40 0 0 0 0 0 0 0 0 0 0 0 0 51 81 
0 0 0 40 0 0 0 0 0 0 0 0 0 0 0 0 51 81 
0 0 0 40 0 0 0 0 0 0 0 0 0 0 0 0 51 81 
0 0 0 40 0 0 0 0 0 0 0 0 0 0 0 0 51 81 
0 0 0 40 0 0 0 0 0 0 0 0 0 0 0 0 51 81 
0 0 0 40 0 0 0 0 0 0 0 0 0 0 0 0 51 81 
0 0 0 40 0 0 0 0 0 0 0 0 0 0 0 0 51 81 
0 0 0 40 0 0 0 0 0 0 0 0 0 0 0 0 51 81 
0 0 0 40 0 0 0 0 0 0 0 0 0 0 0 0 51 81 
0 0 0 40 0 0 0 0 0 0 0 0 0 0 0 0 51 81 
0 0 0 40 0 0 0 0 0 0 0 0 0 0 0 0 51 81 
0 0 0 40 0 0 0 0 0 0 0 0 0 0 0 0 51 81 
0 0 0 40 0 0 0 0 0 0 0 0 0 0 0 0 51 81 
0 0 0 40 0 0 0 0 0 0 0 0 0 0 0 0 51 81 
0 0 0 40 0 0 0 0 0 0 0 0 0 0 0 0 51 81 
0 0 0 40 0 0 0 0 0 0 0 0 0 0 0 0 51 81 
0 0 0 40 0 0 0 0 0 0 0 0 0 0 0 0 51 81 
0 0 0 40 0 0 0 0 0 0 0 0 0 0 0 0 51 81 
0 0 0 40 0 0 0 0 0 0 0 0 0 0 0 0 51 81 
0 0 0 40 0 0 0 0 0 0 0 0 0 0 0 0 51 81 
0 0 0 40 0 0 0 0 0 0 0 0 0 0 0 0 51 81 
0 0 0 40 0 0 0 0 0 0 0 0 0 0 0 0 51 81 
0 0 0 40 0 0 0 0 0 0 0 0 0 0 0 0 51 81 
0 0 0 40 0 0 0 0 0 0 0 0 0 0 0 0 51 81 
0 0 0 40 0 0 0 0 0 0 0 0 0 0 0 0 51 81 
0 0 0 40 0 0 0 0 0 0 0 0 0 0 0 0 51 81 
0 0 0 40 0 0 0 0 0 0 0 0 0 0 0 0 51 81 
0 0 0 40 0 0 0 0 0 0 0 0 0 0 0 0 51 81 
0 0 0 40 0 0 0 0 0 0 0 0 0 0 0 0 51 81 
0 0 0 40 0 0 0 0 0 0 0 0 0 0 0 0 51 81 
0 0 0 40 0 0 0 0 0 0 0 0 0 0 0 0 51 81 
0 0 0 40 0 0 0 0 0 0 0 0 0 0 0 0 51 81 
0 0 0 40 0 0 0 0 0 0 0 0 0 0 0 0 51 81 
0 0 0 40 0 0 0 0 0 0 0 0 0 0 0 0 51 81 
0 0 0 40 0 0 0 0 0 0 0 0 0 0 0 0 51 81 
0 0 0 40 0 0 0 0 0 0 0 0 0 0 0 0 51 81 
0 0 0 40 0 0 0 0 0 0 0 0 0 0 0 0 51 81 
0 0 0 40 0 0 0 0 0 0 0 0 0 0 0 0 51 85 
0 0 0 40 0 0 0 0 0 0 0 0 0 0 0 0 51 85 
0 0 0 40 0 0 0 0 0 0 0 0 0 0 0 0 51 85 
0 0 0 40 0 0 0 0 0 0 0 0 0 0 0 0 51 85 
0 0 0 40 0 0 0 0 0 0 0 0 0 0 0 0 51 85 
0 0 0 40 0 0 0 0 0 0 0 0 0 0 0 0 51 85 
0 0 0 40 0 0 0 0 0 0 0 0 0 0 0 0 51 85 
0 0 0 40 0 0 0 0 0 0 0 0 0 0 0 0 51 85 
0 0 0 40 0 0 0 0 0 0 0 0 0 0 0 0 51 85 
0 0 0 40 0 0 0 0 0 0 0 0 0 0 0 0 51 85 
0 0 0 40 38 0 0 0 0 0 0 0 0 0 0 0 51 81 
0 0 0 40 38 0 0 0 0 0 0 0 0 0 0 0 51 81 
0 0 0 40 38 0 0 0 0 0 0 0 0 0 0 0 51 81 
0 0 0 40 38 0 0 0 0 0 0 0 0 0 0 0 51 81 
0 0 0 40 38 0 0 0 0 0 0 0 0 0 0 0 51 81 
0 0 0 40 38 0 0 0 0 0 0 0 0 0 0 0 51 81 
0 0 0 40 38 0 0 0 0 0 0 0 0 0 0 0 51 81 
0 0 0 40 38 0 0 0 0 0 0 0 0 0 0 0 51 81 
0 0 0 40 38 0 0 0 0 0 0 0 0 0 0 0 51 81 
0 0 0 40 38 0 0 0 0 0 0 0 0 0 0 0 51 81 
0 0 0 40 38 0 0 0 0 0 0 0 0 0 0 0 51 81 
0 0 0 40 38 0 0 0 0 0 0 0 0 0 0 0 51 81 
0 0 0 40 38 0 0 0 0 0 0 0 0 0 0 0 51 81 
0 0 0 40 38 0 0 0 0 0 0 0 0 0 0 0 51 81 
0 0 0 40 38 0 0 0 0 0 0 0 0 0 0 0 51 81 
0 0 0 40 38 0 0 0 0 0 0 0 0 0 0 0 51 81 
0 0 0 40 38 0 0 0 0 0 0 0 0 0 0 0 51 81 
0 0 0 40 38 0 0 0 0 0 0 0 0 0 0 0 51 81 
0 0 0 40 38 0 0 0 0 0 0 0 0 0 0 0 51 81 
0 0 0 40 38 0 0 0 0 0 0 0 0 0 0 0 51 81 
0 0 0 40 38 0 0 0 0 0 0 0 0 0 0 0 51 81 
0 0 0 40 38 0 0 0 0 0 0 0 0 0 0 0 51 81 
0 0 0 40 38 0 0 0 0 0 0 0 0 0 0 0 51 81 
0 0 0 40 38 0 0 0 0 0 0 0 0 0 0 0 51 81 
0 0 0 40 38 0 0 0 0 0 0 0 0 0 0 0 51 81 
0 0 0 40 38 0 0 0 0 0 0 0 0 0 0 0 51 81 
0 0 0 40 38 0 0 0 0 0 0 0 0 0 0 0 51 81 
0 0 0 40 38 0 0 0 0 0 0 0 0 0 0 0 51 81 
0 0 0 40 38 0 0 0 0 0 0 0 0 0 0 0 51 81 
0 0 0 40 38 0 0 0 0 0 0 0 0 0 0 0 51 81 
0 0 0 40 38 0 0 0 0 0 0 0 0 0 0 0 51 81 
0 0 0 40 38 0 0 0 0 0 0 0 0 0 0 0 51 81 
0 0 0 40 38 0 0 0 0 0 0 0 0 0 0 0 51 81 
0 0 0 40 38 0 0 0 0 0 0 0 0 0 0 0 51 81 
0 0 0 40 38 0 0 0 0 0 0 0 0 0 0 0 51 81 
0 0 0 40 38 0 0 0 0 0 0 0 0 0 0 0 51 81 
0 0 0 40 38 0 0 0 0 0 0 0 0 0 0 0 51 81 
0 0 0 40 38 0 0 0 0 0 0 0 0 0 0 0 51 81 
0 0 0 40 38 0 0 0 0 0 0 0 0 0 0 0 51 81 
0 0 0 40 38 0 0 0 0 0 0 0 0 0 0 0 51 81 
0 0 0 40 38 0 0 0 0 0 0 0 0 0 0 0 51 81 
0 0 0 40 38 0 0 0 0 0 0 0 0 0 0 0 51 81 
0 0 0 40 38 0 0 0 0 0 0 0 0 0 0 0 51 81 
0 0 0 40 38 0 0 0 0 0 0 0 0 0 0 0 51 81 
0 0 0 40 38 0 0 0 0 0 0 0 0 0 0 0 51 81 
0 0 0 40 38 0 0 0 0 0 0 0 0 0 0 0 51 81 
0 0 0 40 38 0 0 0 0 0 0 0 0 0 0 0 51 81 
0 0 0 40 38 0 0 0 0 0 0 0 0 0 0 0 51 81 
0 0 0 40 38 0 0 0 0 0 0 0 0 0 0 0 51 81 
0 0 0 40 38 0 0 0 0 0 0 0 0 0 0 0 51 81 
0 0 0 40 38 0 0 0 0 0 0 0 0 0 0 0 51 81 
0 0 0 40 38 0 0 0 0 0 0 0 0 0 0 0 51 81 
0 0 0 40 38 0 0 0 0 0 0 0 0 0 0 0 51 81 
0 0 0 40 38 0 0 0 0 0 0 0 0 0 0 0 51 81 
0 0 0 40 38 0 0 0 0 0 0 0 0 0 0 0 51 81 
0 0 0 40 38 0 0 0 0 0 0 0 0 0 0 0 51 81 
0 0 0 40 38 0 0 0 0 0 0 0 0 0 0 0 51 81 
0 0 0 40 38 0 0 0 0 0 0 0 0 0 0 0 51 81 
0 0 0 40 38 0 0 0 0 0 0 0 0 0 0 0 51 81 
0 0 0 40 38 0 0 0 0 0 0 0 0 0 0 0 51 81 
0 0 0 40 38 0 0 0 0 0 0 0 0 0 0 0 51 81 
0 0 0 40 38 0 0 0 0 0 0 0 0 0 0 0 51 81 
0 0 0 40 38 0 0 0 0 0 0 0 0 0 0 0 51 81 
0 0 0 40 38 0 0 0 0 0 0 0 0 0 0 0 51 81 
0 0 0 40 38 0 0 0 0 0 0 0 0 0 0 0 51 81 
0 0 0 40 38 0 0 0 0 0 0 0 0 0 0 0 51 81 
0 0 0 40 38 0 0 0 0 0 0 0 0 0 0 0 51 81 
0 0 0 40 38 0 0 0 0 0 0 0 0 0 0 0 51 81 
0 0 0 40 38 0 0 0 0 0 0 0 0 0 0 0 51 81 
0 0 0 40 38 0 0 0 0 0 0 0 0 0 0 0 51 81 
0 0 0 40 38 0 0 0 0 0 0 0 0 0 0 0 51 81 
0 0 0 40 38 0 0 0 0 0 0 0 0 0 0 0 51 81 
0 0 0 40 38 0 0 0 0 0 0 0 0 0 0 0 51 81 
0 0 0 40 38 0 0 0 0 0 0 0 0 0 0 0 51 81 
0 0 0 40 38 0 0 0 0 0 0 0 0 0 0 0 51 81 
0 0 0 40 38 0 0 0 0 0 0 0 0 0 0 0 51 81 
0 0 0 40 38 0 0 0 0 0 0 0 0 0 0 0 51 81 
0 0 0 40 38 0 0 0 0 0 0 0 0 0 0 0 51 81 
0 0 0 40 38 0 0 0 0 0 0 0 0 0 0 0 51 81 
0 0 0 40 38 0 0 0 0 0 0 0 0 0 0 0 51 81 
0 0 0 40 38 0 0 0 0 24 0 0 0 0 0 0 51 81 
0 0 0 40 38 0 0 0 0 24 0 0 0 0 0 0 51 81 
0 0 0 40 38 0 0 0 0 24 0 0 0 0 0 0 51 81 
0 0 0 40 38 0 0 0 0 24 0 0 0 0 0 0 51 81 
0 0 0 40 38 0 0 0 0 24 0 0 0 0 0 0 51 81 
0 0 0 40 38 0 0 0 0 24 0 0 0 0 0 0 51 81 
0 0 0 40 38 0 0 0 0 24 0 0 0 0 0 0 51 81 
0 0 0 40 38 0 0 0 0 24 0 0 0 0 0 0 51 81 
0 0 0 40 38 0 0 0 0 24 0 0 0 0 0 0 51 81 
0 0 0 40 38 0 0 0 0 24 0 0 0 0 0 0 51 81 
28 0 0 40 38 0 0 0 0 24 0 68 0 0 0 0 0 81 
28 0 0 40 38 0 0 0 0 24 0 68 0 0 0 0 0 81 
28 0 0 40 38 0 0 0 0 24 0 68 0 0 0 0 0 81 
28 0 0 40 38 0 0 0 0 24 0 68 0 0 0 0 0 81 
28 0 0 40 38 0 0 0 0 24 0 68 0 0 0 0 0 81 
28 0 0 40 38 0 0 0 0 24 0 68 0 0 0 0 0 81 
28 0 0 40 38 0 0 0 0 24 0 68 0 0 0 0 0 81 
28 0 0 40 38 0 0 0 0 24 0 68 0 0 0 0 0 81 
28 0 0 40 38 0 0 0 0 24 0 68 0 0 0 0 0 81 
28 0 0 40 38 0 0 0 0 24 0 68 0 0 0 0 0 81 
28 0 0 40 38 0 0 0 0 24 0 68 0 0 0 0 0 87 
28 0 0 40 38 0 0 0 0 24 0 68 0 0 0 0 0 87 
28 0 0 40 38 0 0 0 0 24 0 68 0 0 0 0 0 87 
28 0 0 40 38 0 0 0 0 24 0 68 0 0 0 0 0 87 
28 0 0 40 38 0 0 0 0 24 0 68 0 0 0 0 0 87 
28 0 0 40 38 0 0 0 0 24 0 68 0 0 0 0 0 87 
28 0 0 40 38 0 0 0 0 24 0 68 0 0 0 0 0 87 
28 0 0 40 38 0 0 0 0 24 0 68 0 0 0 0 0 87 
28 0 0 40 38 0 0 0 0 24 0 68 0 0 0 0 0 87 
28 0 0 40 38 0 0 0 0 24 0 68 0 0 0 0 0 87 
28 0 0 0 31 0 0 0 0 24 0 68 0 0 0 0 0 87 
28 0 0 0 31 0 0 0 0 24 0 68 0 0 0 0 0 87 
28 0 0 0 31 0 0 0 0 24 0 68 0 0 0 0 0 87 
28 0 0 0 31 0 0 0 0 24 0 68 0 0 0 0 0 87 
28 0 0 0 31 0 0 0 0 24 0 68 0 0 0 0 0 87 
28 0 0 0 31 0 0 0 0 24 0 68 0 0 0 0 0 87 
28 0 0 0 31 0 0 0 0 24 0 68 0 0 0 0 0 87 
28 0 0 0 31 0 0 0 0 24 0 68 0 0 0 0 0 87 
28 0 0 0 31 0 0 0 0 24 0 68 0 0 0 0 0 87 
28 0 0 0 31 0 0 0 0 24 0 68 0 0 0 0 0 87 
28 0 0 0 31 0 0 0 0 24 0 68 0 28 0 0 0 87 
28 0 0 0 31 0 0 0 0 24 0 68 0 28 0 0 0 87 
28 0 0 0 31 0 0 0 0 24 0 68 0 28 0 0 0 87 
28 0 0 0 31 0 0 0 0 24 0 68 0 28 0 0 0 87 
28 0 0 0 31 0 0 0 0 24 0 68 0 28 0 0 0 87 
28 0 0 0 31 0 0 0 0 24 0 68 0 28 0 0 0 87 
28 0 0 0 31 0 0 0 0 24 0 68 0 28 0 0 0 87 
28 0 0 0 31 0 0 0 0 24 0 68 0 28 0 0 0 87 
28 0 0 0 31 0 0 0 0 24 0 68 0 28 0 0 0 87 
28 0 0 0 31 0 0 0 0 24 0 68 0 28 0 0 0 87 
28 0 0 0 31 0 0 0 0 24 0 68 0 28 0 0 0 87 
28 0 0 0 31 0 0 0 0 24 0 68 0 28 0 0 0 87 
28 0 0 0 31 0 0 0 0 24 0 68 0 28 0 0 0 87 
28 0 0 0 31 0 0 0 0 24 0 68 0 28 0 0 0 87 
28 0 0 0 31 0 0 0 0 24 0 68 0 28 0 0 0 87 
28 0 0 0 31 0 0 0 0 24 0 68 0 28 0 0 0 87 
28 0 0 0 31 0 0 0 0 24 0 68 0 28 0 0 0 87 
28 0 0 0 31 0 0 0 0 24 0 68 0 28 0 0 0 87 
28 0 0 0 31 0 0 0 0 24 0 68 0 28 0 0 0 87 
28 0 0 0 31 0 0 0 0 24 0 68 0 28 0 0 0 87 
28 0 0 0 31 0 0 0 0 24 0 68 0 28 0 0 0 87 
28 0 0 0 31 0 0 0 0 24 0 68 0 28 0 0 0 87 
28 0 0 0 31 0 0 0 0 24 0 68 0 28 0 0 0 87 
28 0 0 0 31 0 0 0 0 24 0 68 0 28 0 0 0 87 
28 0 0 0 31 0 0 0 0 24 0 68 0 28 0 0 0 87 
28 0 0 0 31 0 0 0 0 24 0 68 0 28 0 0 0 87 
28 0 0 0 31 0 0 0 0 24 0 68 0 28 0 0 0 87 
28 0 0 0 31 0 0 0 0 24 0 68 0 28 0 0 0 87 
28 0 0 0 31 0 0 0 0 24 0 68 0 28 0 0 0 87 
28 0 0 0 31 0 0 0 0 24 0 68 0 28 0 0 0 87 
28 0 0 0 31 0 0 0 0 24 0 68 0 28 0 0 0 87 
28 0 0 0 31 0 0 0 0 24 0 68 0 28 0 0 0 87 
28 0 0 0 31 0 0 0 0 24 0 68 0 28 0 0 0 87 
28 0 0 0 31 0 0 0 0 24 0 68 0 28 0 0 0 87 
28 0 0 0 31 0 0 0 0 24 0 68 0 28 0 0 0 87 
28 0 0 0 31 0 0 0 0 24 0 68 0 28 0 0 0 87 
28 0 0 0 31 0 0 0 0 24 0 68 0 28 0 0 0 87 
28 0 0 0 31 0 0 0 0 24 0 68 0 28 0 0 0 87 
28 0 0 0 31 0 0 0 0 24 0 68 0 28 0 0 0 87 
28 0 0 0 31 0 0 0 0 24 0 68 0 28 0 0 0 87 
28 0 0 0 31 0 0 0 0 24 0 68 0 28 0 0 0 87 
28 0 0 0 31 0 0 0 0 24 0 68 0 28 0 0 0 87 
28 0 0 0 31 0 0 0 0 24 0 68 0 28 0 0 0 87 
28 0 0 0 31 0 0 0 0 24 0 68 0 28 0 0 0 87 
28 0 0 0 31 0 0 0 0 24 0 68 0 28 0 0 0 87 
28 0 0 0 31 0 0 0 0 24 0 68 0 28 0 0 0 87 
28 0 0 0 31 0 0 0 0 24 0 68 0 28 0 0 0 87 
28 0 0 0 31 0 0 0 0 24 0 68 0 28 0 0 0 87 
28 0 0 0 31 0 0 0 0 24 0 68 0 28 0 0 0 87 
28 0 0 0 31 0 0 0 0 24 0 68 0 28 0 0 0 87 
28 0 0 0 31 0 0 0 0 24 0 68 0 28 0 0 0 87 
28 0 0 0 31 0 0 0 0 24 0 68 0 28 0 0 0 87 
28 0 0 0 31 0 0 0 0 24 0 68 0 28 0 0 0 87 
28 0 0 0 31 0 0 0 0 24 0 68 0 28 0 0 0 87 
28 0 0 0 31 0 0 0 0 24 0 68 0 28 0 0 0 87 
28 0 0 0 31 0 0 0 0 24 0 68 0 28 0 0 0 87 
28 0 0 0 31 0 0 0 0 24 0 68 0 28 0 0 0 87 
28 0 0 0 31 0 0 0 0 24 0 68 0 28 0 0 0 87 
28 0 0 0 31 0 0 0 0 24 0 68 0 28 0 0 0 87 
28 0 0 0 31 0 0 0 0 24 0 68 0 28 0 0 0 87 
28 0 0 0 31 0 0 0 0 24 0 68 0 28 0 0 0 87 
28 0 0 0 31 0 0 0 0 24 0 68 0 28 0 0 0 87 
28 0 0 0 31 0 0 0 0 24 0 68 0 28 0 0 0 87 
28 0 0 0 31 0 0 0 0 24 0 68 0 28 0 0 0 87 
28 0 0 0 31 0 0 0 0 24 0 68 0 28 0 0 0 87 
28 0 0 0 31 0 0 0 0 24 0 68 0 28 0 0 0 87 
28 0 0 0 31 0 0 0 0 24 0 68 0 28 0 0 0 87 
28 0 0 0 31 0 0 0 0 24 0 68 0 28 0 0 0 87 
28 0 0 0 31 0 0 0 0 24 0 68 0 28 0 0 0 87 
28 0 0 0 31 0 0 0 0 24 0 68 0 28 0 0 0 87 
28 0 50 0 31 0 0 0 0 24 0 68 0 28 0 0 0 87 
28 0 50 0 31 0 0 0 0 24 0 68 0 28 0 0 0 87 
28 0 50 0 31 0 0 0 0 24 0 68 0 28 0 0 0 87 
28 0 50 0 31 0 0 0 0 24 0 68 0 28 0 0 0 87 
28 0 50 0 31 0 0 0 0 24 0 68 0 28 0 0 0 87 
28 0 50 0 31 0 0 0 0 24 0 68 0 28 0 0 0 87 
28 0 50 0 31 0 0 0 0 24 0 68 0 28 0 0 0 87 
28 0 50 0 31 0 0 0 0 24 0 68 0 28 0 0 0 87 
28 0 50 0 31 0 0 0 0 24 0 68 0 28 0 0 0 87 
28 0 50 0 31 0 0 0 0 24 0 68 0 28 0 0 0 87 
28 0 50 0 31 0 0 0 0 24 0 68 0 28 0 0 0 87 
28 0 50 0 31 0 0 0 0 24 0 68 0 28 0 0 0 87 
28 0 50 0 31 0 0 0 0 24 0 68 0 28 0 0 0 87 
28 0 50 0 31 0 0 0 0 24 0 68 0 28 0 0 0 87 
28 0 50 0 31 0 0 0 0 24 0 68 0 28 0 0 0 87 
28 0 50 0 31 0 0 0 0 24 0 68 0 28 0 0 0 87 
28 0 50 0 31 0 0 0 0 24 0 68 0 28 0 0 0 87 
28 0 50 0 31 0 0 0 0 24 0 68 0 28 0 0 0 87 
28 0 50 0 31 0 0 0 0 24 0 68 0 28 0 0 0 87 
28 0 50 0 31 0 0 0 0 24 0 68 0 28 0 0 0 87 
28 0 50 0 31 0 0 0 0 24 0 68 26 28 0 0 0 87 
28 0 50 0 31 0 0 0 0 24 0 68 26 28 0 0 0 87 
28 0 50 0 31 0 0 0 0 24 0 68 26 28 0 0 0 87 
28 0 50 0 31 0 0 0 0 24 0 68 26 28 0 0 0 87 
28 0 50 0 31 0 0 0 0 24 0 68 26 28 0 0 0 87 
28 0 50 0 31 0 0 0 0 24 0 68 26 28 0 0 0 87 
28 0 50 0 31 0 0 0 0 24 0 68 26 28 0 0 0 87 
28 0 50 0 31 0 0 0 0 24 0 68 26 28 0 0 0 87 
28 0 50 0 31 0 0 0 0 24 0 68 26 28 0 0 0 87 
28 0 50 0 31 0 0 0 0 24 0 68 26 28 0 0 0 87 
28 0 50 0 31 0 0 0 0 24 0 68 26 28 0 0 0 87 
28 0 50 0 31 0 0 0 0 24 0 68 26 28 0 0 0 87 
28 0 50 0 31 0 0 0 0 24 0 68 26 28 0 0 0 87 
28 0 50 0 31 0 0 0 0 24 0 68 26 28 0 0 0 87 
28 0 50 0 31 0 0 0 0 24 0 68 26 28 0 0 0 87 
28 0 50 0 31 0 0 0 0 24 0 68 26 28 0 0 0 87 
28 0 50 0 31 0 0 0 0 24 0 68 26 28 0 0 0 87 
28 0 50 0 31 0 0 0 0 24 0 68 26 28 0 0 0 87 
28 0 50 0 31 0 0 0 0 24 0 68 26 28 0 0 0 87 
28 0 50 0 31 0 0 0 0 24 0 68 26 28 0 0 0 87 
28 0 50 0 31 0 45 0 0 24 0 68 26 28 0 0 0 87 
28 0 50 0 31 0 45 0 0 24 0 68 26 28 0 0 0 87 
28 0 50 0 31 0 45 0 0 24 0 68 26 28 0 0 0 87 
28 0 50 0 31 0 45 0 0 24 0 68 26 28 0 0 0 87 
28 0 50 0 31 0 45 0 0 24 0 68 26 28 0 0 0 87 
28 0 50 0 31 0 45 0 0 24 0 68 26 28 0 0 0 87 
28 0 50 0 31 0 45 0 0 24 0 68 26 28 0 0 0 87 
28 0 50 0 31 0 45 0 0 24 0 68 26 28 0 0 0 87 
28 0 50 0 31 0 45 0 0 24 0 68 26 28 0 0 0 87 
28 0 50 0 31 0 45 0 0 24 0 68 26 28 0 0 0 87 
28 0 50 0 31 0 45 20 0 24 0 68 26 28 0 0 0 87 
28 0 50 0 31 0 45 20 0 24 0 68 26 28 0 0 0 87 
28 0 50 0 31 0 45 20 0 24 0 68 26 28 0 0 0 87 
28 0 50 0 31 0 45 20 0 24 0 68 26 28 0 0 0 87 
28 0 50 0 31 0 45 20 0 24 0 68 26 28 0 0 0 87 
28 0 50 0 31 0 45 20 0 24 0 68 26 28 0 0 0 87 
28 0 50 0 31 0 45 20 0 24 0 68 26 28 0 0 0 87 
28 0 50 0 31 0 45 20 0 24 0 68 26 28 0 0 0 87 
28 0 50 0 31 0 45 20 0 24 0 68 26 28 0 0 0 87 
28 0 50 0 31 0 45 20 0 24 0 68 26 28 0 0 0 87 
28 0 50 0 31 0 45 20 0 24 0 0 26 28 0 0 79 94 
28 0 50 0 31 0 45 20 0 24 0 0 26 28 0 0 79 94 
28 0 50 0 31 0 45 20 0 24 0 0 26 28 0 0 79 94 
28 0 50 0 31 0 45 20 0 24 0 0 26 28 0 0 79 94 
28 0 50 0 31 0 45 20 0 24 0 0 26 28 0 0 79 94 
28 0 50 0 31 0 45 20 0 24 0 0 26 28 0 0 79 94 
28 0 50 0 31 0 45 20 0 24 0 0 26 28 0 0 79 94 
28 0 50 0 31 0 45 20 0 24 0 0 26 28 0 0 79 94 
28 0 50 0 31 0 45 20 0 24 0 0 26 28 0 0 79 94 
28 0 50 0 31 0 45 20 0 24 0 0 26 28 0 0 79 94 
28 0 50 0 31 23 45 20 0 24 0 0 26 28 0 0 79 94 
28 0 50 0 31 23 45 20 0 24 0 0 26 28 0 0 79 94 
28 0 50 0 31 23 45 20 0 24 0 0 26 28 0 0 79 94 
28 0 50 0 31 23 45 20 0 24 0 0 26 28 0 0 79 94 
28 0 50 0 31 23 45 20 0 24 0 0 26 28 0 0 79 94 
28 0 50 0 31 23 45 20 0 24 0 0 26 28 0 0 79 94 
28 0 50 0 31 23 45 20 0 24 0 0 26 28 0 0 79 94 
28 0 50 0 31 23 45 20 0 24 0 0 26 28 0 0 79 94 
28 0 50 0 31 23 45 20 0 24 0 0 26 28 0 0 79 94 
28 0 50 0 31 23 45 20 0 24 0 0 26 28 0 0 79 94 
0 0 50 0 31 0 45 0 0 0 0 0 0 0 0 0 79 94 
0 0 50 0 31 0 45 0 0 0 0 0 0 0 0 0 79 94 
0 0 50 0 31 0 45 0 0 0 0 0 0 0 0 0 79 94 
0 0 50 0 31 0 45 0 0 0 0 0 0 0 0 0 79 94 
0 0 50 0 31 0 45 0 0 0 0 0 0 0 0 0 79 94 
0 0 50 0 31 0 45 0 0 0 0 0 0 0 0 0 79 94 
0 0 50 0 31 0 45 0 0 0 0 0 0 0 0 0 79 94 
0 0 50 0 31 0 45 0 0 0 0 0 0 0 0 0 79 94 
0 0 50 0 31 0 45 0 0 0 0 0 0 0 0 0 79 94 
0 0 50 0 31 0 45 0 0 0 0 0 0 0 0 0 79 94 
0 0 50 0 31 0 45 0 0 0 0 0 0 0 0 0 79 94 
0 0 50 0 31 0 45 0 0 0 0 0 0 0 0 0 79 94 
0 0 50 0 31 0 45 0 0 0 0 0 0 0 0 0 79 94 
0 0 50 0 31 0 45 0 0 0 0 0 0 0 0 0 79 94 
0 0 50 0 31 0 45 0 0 0 0 0 0 0 0 0 79 94 
0 0 50 0 31 0 45 0 0 0 0 0 0 0 0 0 79 94 
0 0 50 0 31 0 45 0 0 0 0 0 0 0 0 0 79 94 
0 0 50 0 31 0 45 0 0 0 0 0 0 0 0 0 79 94 
0 0 50 0 31 0 45 0 0 0 0 0 0 0 0 0 79 94 
0 0 50 0 31 0 45 0 0 0 0 0 0 0 0 0 79 94 
0 0 50 0 31 0 45 0 0 0 0 0 0 0 0 0 79 94 
0 0 50 0 31 0 45 0 0 0 0 0 0 0 0 0 79 94 
0 0 50 0 31 0 45 0 0 0 0 0 0 0 0 0 79 94 
0 0 50 0 31 0 45 0 0 0 0 0 0 0 0 0 79 94 
0 0 50 0 31 0 45 0 0 0 0 0 0 0 0 0 79 94 
0 0 50 0 31 0 45 0 0 0 0 0 0 0 0 0 79 94 
0 0 50 0 31 0 45 0 0 0 0 0 0 0 0 0 79 94 
0 0 50 0 31 0 45 0 0 0 0 0 0 0 0 0 79 94 
0 0 50 0 31 0 45 0 0 0 0 0 0 0 0 0 79 94 
0 0 50 0 31 0 45 0 0 0 0 0 0 0 0 0 79 94 
0 0 50 0 31 0 45 0 0 0 0 0 0 0 0 0 79 94 
0 0 50 0 31 0 45 0 0 0 0 0 0 0 0 0 79 94 
0 0 50 0 31 0 45 0 0 0 0 0 0 0 0 0 79 94 
0 0 50 0 31 0 45 0 0 0 0 0 0 0 0 0 79 94 
0 0 50 0 31 0 45 0 0 0 0 0 0 0 0 0 79 94 
0 0 50 0 31 0 45 0 0 0 0 0 0 0 0 0 79 94 
0 0 50 0 31 0 45 0 0 0 0 0 0 0 0 0 79 94 
0 0 50 0 31 0 45 0 0 0 0 0 0 0 0 0 79 94 
0 0 50 0 31 0 45 0 0 0 0 0 0 0 0 0 79 94 
0 0 50 0 31 0 45 0 0 0 0 0 0 0 0 0 79 94 
0 0 0 0 0 0 0 0 0 0 0 0 0 0 0 0 79 94 
0 0 0 0 0 0 0 0 0 0 0 0 0 0 0 0 79 94 
0 0 0 0 0 0 0 0 0 0 0 0 0 0 0 0 79 94 
0 0 0 0 0 0 0 0 0 0 0 0 0 0 0 0 79 94 
0 0 0 0 0 0 0 0 0 0 0 0 0 0 0 0 79 94 
0 0 0 0 0 0 0 0 0 0 0 0 0 0 0 0 79 94 
0 0 0 0 0 0 0 0 0 0 0 0 0 0 0 0 79 94 
0 0 0 0 0 0 0 0 0 0 0 0 0 0 0 0 79 94 
0 0 0 0 0 0 0 0 0 0 0 0 0 0 0 0 79 94 
0 0 0 0 0 0 0 0 0 0 0 0 0 0 0 0 79 94 
0 0 0 0 0 0 0 0 0 0 0 0 0 0 0 0 79 94 
0 0 0 0 0 0 0 0 0 0 0 0 0 0 0 0 79 94 
0 0 0 0 0 0 0 0 0 0 0 0 0 0 0 0 79 94 
0 0 0 0 0 0 0 0 0 0 0 0 0 0 0 0 79 94 
0 0 0 0 0 0 0 0 0 0 0 0 0 0 0 0 79 94 
0 0 0 0 0 0 0 0 0 0 0 0 0 0 0 0 79 94 
0 0 0 0 0 0 0 0 0 0 0 0 0 0 0 0 79 94 
0 0 0 0 0 0 0 0 0 0 0 0 0 0 0 0 79 94 
0 0 0 0 0 0 0 0 0 0 0 0 0 0 0 0 79 94 
0 0 0 0 0 0 0 0 0 0 0 0 0 0 0 0 79 94 
0 0 0 0 0 0 0 0 0 0 0 0 0 0 0 0 79 94 
0 0 0 0 0 0 0 0 0 0 0 0 0 0 0 0 79 94 
0 0 0 0 0 0 0 0 0 0 0 0 0 0 0 0 79 94 
0 0 0 0 0 0 0 0 0 0 0 0 0 0 0 0 79 94 
0 0 0 0 0 0 0 0 0 0 0 0 0 0 0 0 79 94 
0 0 0 0 0 0 0 0 0 0 0 0 0 0 0 0 79 94 
0 0 0 0 0 0 0 0 0 0 0 0 0 0 0 0 79 94 
0 0 0 0 0 0 0 0 0 0 0 0 0 0 0 0 79 94 
0 0 0 0 0 0 0 0 0 0 0 0 0 0 0 0 79 94 
0 0 0 0 0 0 0 0 0 0 0 0 0 0 0 0 79 94 
0 0 0 0 0 0 0 0 0 0 0 0 0 0 0 0 79 94 
0 0 0 0 0 0 0 0 0 0 0 0 0 0 0 0 79 94 
0 0 0 0 0 0 0 0 0 0 0 0 0 0 0 0 79 94 
0 0 0 0 0 0 0 0 0 0 0 0 0 0 0 0 79 94 
0 0 0 0 0 0 0 0 0 0 0 0 0 0 0 0 79 94 
0 0 0 0 0 0 0 0 0 0 0 0 0 0 0 0 79 94 
0 0 0 0 0 0 0 0 0 0 0 0 0 0 0 0 79 94 
0 0 0 0 0 0 0 0 0 0 0 0 0 0 0 0 79 94 
0 0 0 0 0 0 0 0 0 0 0 0 0 0 0 0 79 94 
0 0 0 0 0 0 0 0 0 0 0 0 0 0 0 0 79 94 
0 0 0 0 0 0 0 0 0 0 0 0 0 0 0 0 79 94 
0 0 0 0 0 0 0 0 0 0 0 0 0 0 0 0 79 94 
0 0 0 0 0 0 0 0 0 0 0 0 0 0 0 0 79 94 
0 0 0 0 0 0 0 0 0 0 0 0 0 0 0 0 79 94 
0 0 0 0 0 0 0 0 0 0 0 0 0 0 0 0 79 94 
0 0 0 0 0 0 0 0 0 0 0 0 0 0 0 0 79 94 
0 0 0 0 0 0 0 0 0 0 0 0 0 0 0 0 79 94 
0 0 0 0 0 0 0 0 0 0 0 0 0 0 0 0 79 94 
0 0 0 0 0 0 0 0 0 0 0 0 0 0 0 0 79 94 
0 0 0 0 0 0 0 0 0 0 0 0 0 0 0 0 79 94 
0 0 0 0 0 0 0 0 0 0 0 0 0 0 0 0 79 94 
0 0 0 0 0 0 0 0 0 0 0 0 0 0 0 0 79 94 
0 0 0 0 0 0 0 0 0 0 0 0 0 0 0 0 79 94 
0 0 0 0 0 0 0 0 0 0 0 0 0 0 0 0 79 94 
0 0 0 0 0 0 0 0 0 0 0 0 0 0 0 0 79 94 
0 0 0 0 0 0 0 0 0 0 0 0 0 0 0 0 79 94 
0 0 0 0 0 0 0 0 0 0 0 0 0 0 0 0 79 94 
0 0 0 0 0 0 0 0 0 0 0 0 0 0 0 0 79 94 
0 0 0 0 0 0 0 0 0 0 0 0 0 0 0 0 79 94 
0 0 0 0 0 0 0 0 0 0 0 0 0 0 0 0 79 94 
0 0 0 0 0 0 0 0 0 0 0 0 0 0 0 0 79 94 
0 0 0 0 0 0 0 0 0 0 0 0 0 0 0 0 79 94 
0 0 0 0 0 0 0 0 0 0 0 0 0 0 0 0 79 94 
0 0 0 0 0 0 0 0 0 0 0 0 0 0 0 0 79 94 
0 0 0 0 0 0 0 0 0 0 0 0 0 0 0 0 79 94 
0 0 0 0 0 0 0 0 0 0 0 0 0 0 0 0 79 94 
0 0 0 0 0 0 0 0 0 0 0 0 0 0 0 0 79 94 
0 0 0 0 0 0 0 0 0 0 0 0 0 0 0 0 79 94 
0 0 0 0 0 0 0 0 0 0 0 0 0 0 0 0 79 94 
0 0 0 0 0 0 0 0 0 0 0 0 0 0 0 0 79 94 
0 0 0 0 0 0 0 0 0 0 0 0 0 0 0 0 79 94 
0 0 0 0 0 0 0 0 0 0 0 0 0 0 0 0 79 94 
0 0 0 0 0 0 0 0 0 0 0 0 0 0 0 0 79 94 
0 0 0 0 0 0 0 0 0 0 0 0 0 0 0 0 79 94 
0 0 0 0 0 0 0 0 0 0 0 0 0 0 0 0 79 94 
0 0 0 0 0 0 0 0 0 0 0 0 0 0 0 0 79 94 
0 0 0 0 0 0 0 0 0 0 0 0 0 0 0 0 79 94 
0 0 0 0 0 0 0 0 0 0 0 0 0 0 0 0 79 94 
0 0 0 0 0 0 0 0 0 0 0 0 0 0 0 0 79 94 
0 0 0 0 0 0 0 0 0 0 0 0 0 0 0 0 79 94 
0 0 0 0 0 0 0 0 0 0 0 0 0 0 0 0 79 94 
0 0 0 0 0 0 0 0 0 0 0 0 0 0 0 0 79 94 
0 0 0 0 0 0 0 0 0 0 0 0 0 0 0 0 79 94 
0 0 0 0 0 0 0 0 0 0 0 0 0 0 0 0 79 94 
0 0 0 0 0 0 0 0 0 0 0 0 0 0 0 0 79 94 
0 0 0 0 0 0 0 0 0 0 0 0 0 0 0 0 79 94 
0 0 0 0 0 0 0 0 0 0 0 0 0 0 0 0 79 94 
0 0 0 0 0 0 0 0 0 0 0 0 0 0 0 0 79 94 
0 0 0 0 0 0 0 0 0 0 0 0 0 0 0 0 79 94 
0 0 0 0 0 0 0 0 0 0 0 0 0 0 0 0 79 94 
0 0 0 0 0 0 0 0 0 0 0 0 0 0 0 0 79 94 
0 0 0 0 0 0 0 0 0 0 0 0 0 0 0 0 79 94 
0 0 0 0 0 0 0 0 0 0 0 0 0 0 0 0 79 94 
0 0 0 0 0 0 0 0 0 0 0 0 0 0 0 0 79 94 
0 0 0 0 0 0 0 0 0 0 0 0 0 0 0 0 79 94 
0 0 0 0 0 0 0 0 0 0 0 0 0 0 0 0 79 94 
0 0 0 0 0 0 0 0 0 0 0 0 0 0 0 0 79 94 
0 0 0 0 0 0 0 0 0 0 0 0 0 0 0 0 79 94 
0 0 0 0 0 0 0 0 0 0 0 0 0 0 0 0 79 94 
0 0 0 0 0 0 0 0 0 0 0 0 0 0 0 0 79 94 
0 0 0 0 0 0 0 0 0 0 0 0 0 0 0 0 79 94 
0 0 0 0 0 0 0 0 0 0 0 0 0 0 0 0 79 94 
0 0 0 0 0 0 0 0 0 0 0 0 0 0 0 0 79 94 
0 0 0 0 0 0 0 0 0 0 0 0 0 0 0 0 79 94 
0 0 0 0 0 0 0 0 0 0 0 0 0 0 0 0 79 94 
0 0 0 0 0 0 0 0 0 0 0 0 0 0 0 0 79 94 
0 0 0 0 0 0 0 0 0 0 0 0 0 0 0 0 79 94 
0 0 0 0 0 0 0 0 0 0 0 0 0 0 0 0 79 94 
0 0 0 0 0 0 0 0 0 0 0 0 0 0 0 0 79 94 
0 0 0 0 0 0 0 0 0 0 0 0 0 0 0 0 79 94 
0 0 0 0 0 0 0 0 0 0 0 0 0 0 0 0 79 95 
0 0 0 0 0 0 0 0 0 0 0 0 0 0 0 0 79 95 
0 0 0 0 0 0 0 0 0 0 0 0 0 0 0 0 79 95 
0 0 0 0 0 0 0 0 0 0 0 0 0 0 0 0 79 95 
0 0 0 0 0 0 0 0 0 0 0 0 0 0 0 0 79 95 
0 0 0 0 0 0 0 0 0 0 0 0 0 0 0 0 79 95 
0 0 0 0 0 0 0 0 0 0 0 0 0 0 0 0 79 95 
0 0 0 0 0 0 0 0 0 0 0 0 0 0 0 0 79 95 
0 0 0 0 0 0 0 0 0 0 0 0 0 0 0 0 79 95 
0 0 0 0 0 0 0 0 0 0 0 0 0 0 0 0 79 95 
0 0 0 0 0 0 0 0 0 0 0 0 0 0 0 0 79 95 
0 0 0 0 0 0 0 0 0 0 0 0 0 0 0 0 79 95 
0 0 0 0 0 0 0 0 0 0 0 0 0 0 0 0 79 95 
0 0 0 0 0 0 0 0 0 0 0 0 0 0 0 0 79 95 
0 0 0 0 0 0 0 0 0 0 0 0 0 0 0 0 79 95 
0 0 0 0 0 0 0 0 0 0 0 0 0 0 0 0 79 95 
0 0 0 0 0 0 0 0 0 0 0 0 0 0 0 0 79 95 
0 0 0 0 0 0 0 0 0 0 0 0 0 0 0 0 79 95 
0 0 0 0 0 0 0 0 0 0 0 0 0 0 0 0 79 95 
0 0 0 0 0 0 0 0 0 0 0 0 0 0 0 0 79 95 
0 0 0 0 0 0 0 0 0 0 0 0 0 0 0 0 79 95 
0 0 0 0 0 0 0 0 0 0 0 0 0 0 0 0 79 95 
0 0 0 0 0 0 0 0 0 0 0 0 0 0 0 0 79 95 
0 0 0 0 0 0 0 0 0 0 0 0 0 0 0 0 79 95 
0 0 0 0 0 0 0 0 0 0 0 0 0 0 0 0 79 95 
0 0 0 0 0 0 0 0 0 0 0 0 0 0 0 0 79 95 
0 0 0 0 0 0 0 0 0 0 0 0 0 0 0 0 79 95 
0 0 0 0 0 0 0 0 0 0 0 0 0 0 0 0 79 95 
0 0 0 0 0 0 0 0 0 0 0 0 0 0 0 0 79 95 
0 0 0 0 0 0 0 0 0 0 0 0 0 0 0 0 79 95 
0 0 0 0 0 0 0 0 0 0 0 0 0 0 0 0 0 0 
