PE_L1_1 PE_L1_2 PE_L1_3 PE_L1_4 PE_L1_5 PE_L1_6 PE_L1_7 PE_L1_8 PE_L1_9 PE_L2_1 PE_L2_2 PE_L2_3 PE_L2_4 PE_L2_5 PE_L2_6 PE_L2_7 PE_L2_8 PE_L2_9 
28 34 95 45 31 31 51 50 85 23 32 24 28 94 79 81 87 34 
28 34 95 45 31 31 51 50 85 23 32 24 28 94 79 81 87 34 
28 34 95 45 31 31 51 50 85 23 32 24 28 94 79 81 87 34 
28 34 95 45 31 31 51 50 85 23 32 24 28 94 79 81 87 34 
28 34 95 45 31 31 51 50 85 23 32 24 28 94 79 81 87 34 
28 34 95 45 31 31 51 50 85 23 32 24 28 94 79 81 87 34 
28 34 95 45 31 31 51 50 85 23 32 24 28 94 79 81 87 34 
28 34 95 45 31 31 51 50 85 23 32 24 28 94 79 81 87 34 
28 34 95 45 31 31 51 50 85 23 32 24 28 94 79 81 87 34 
28 34 95 45 31 31 51 50 85 23 32 24 28 94 79 81 87 34 
28 34 95 45 89 31 51 50 0 64 32 24 28 94 79 81 87 34 
28 34 95 45 89 31 51 50 0 64 32 24 28 94 79 81 87 34 
28 34 95 45 89 31 51 50 0 64 32 24 28 94 79 81 87 34 
28 34 95 45 89 31 51 50 0 64 32 24 28 94 79 81 87 34 
28 34 95 45 89 31 51 50 0 64 32 24 28 94 79 81 87 34 
28 34 95 45 89 31 51 50 0 64 32 24 28 94 79 81 87 34 
28 34 95 45 89 31 51 50 0 64 32 24 28 94 79 81 87 34 
28 34 95 45 89 31 51 50 0 64 32 24 28 94 79 81 87 34 
28 34 95 45 89 31 51 50 0 64 32 24 28 94 79 81 87 34 
28 34 95 45 89 31 51 50 0 64 32 24 28 94 79 81 87 34 
28 34 95 45 89 31 51 50 0 54 32 24 28 94 79 81 87 34 
28 34 95 45 89 31 51 50 0 54 32 24 28 94 79 81 87 34 
28 34 95 45 89 31 51 50 0 54 32 24 28 94 79 81 87 34 
28 34 95 45 89 31 51 50 0 54 32 24 28 94 79 81 87 34 
28 34 95 45 89 31 51 50 0 54 32 24 28 94 79 81 87 34 
28 34 95 45 89 31 51 50 0 54 32 24 28 94 79 81 87 34 
28 34 95 45 89 31 51 50 0 54 32 24 28 94 79 81 87 34 
28 34 95 45 89 31 51 50 0 54 32 24 28 94 79 81 87 34 
28 34 95 45 89 31 51 50 0 54 32 24 28 94 79 81 87 34 
28 34 95 45 89 31 51 50 0 54 32 24 28 94 79 81 87 34 
28 34 40 45 89 31 51 50 0 54 68 24 28 94 79 81 87 34 
28 34 40 45 89 31 51 50 0 54 68 24 28 94 79 81 87 34 
28 34 40 45 89 31 51 50 0 54 68 24 28 94 79 81 87 34 
28 34 40 45 89 31 51 50 0 54 68 24 28 94 79 81 87 34 
28 34 40 45 89 31 51 50 0 54 68 24 28 94 79 81 87 34 
28 34 40 45 89 31 51 50 0 54 68 24 28 94 79 81 87 34 
28 34 40 45 89 31 51 50 0 54 68 24 28 94 79 81 87 34 
28 34 40 45 89 31 51 50 0 54 68 24 28 94 79 81 87 34 
28 34 40 45 89 31 51 50 0 54 68 24 28 94 79 81 87 34 
28 34 40 45 89 31 51 50 0 54 68 24 28 94 79 81 87 34 
28 34 40 45 20 31 51 50 0 54 68 24 28 94 79 81 87 34 
28 34 40 45 20 31 51 50 0 54 68 24 28 94 79 81 87 34 
28 34 40 45 20 31 51 50 0 54 68 24 28 94 79 81 87 34 
28 34 40 45 20 31 51 50 0 54 68 24 28 94 79 81 87 34 
28 34 40 45 20 31 51 50 0 54 68 24 28 94 79 81 87 34 
28 34 40 45 20 31 51 50 0 54 68 24 28 94 79 81 87 34 
28 34 40 45 20 31 51 50 0 54 68 24 28 94 79 81 87 34 
28 34 40 45 20 31 51 50 0 54 68 24 28 94 79 81 87 34 
28 34 40 45 20 31 51 50 0 54 68 24 28 94 79 81 87 34 
28 34 40 45 20 31 51 50 0 54 68 24 28 94 79 81 87 34 
28 34 40 45 20 31 51 50 0 54 68 24 28 94 79 81 87 34 
28 34 40 45 20 31 51 50 0 54 68 24 28 94 79 81 87 34 
28 34 40 45 20 31 51 50 0 54 68 24 28 94 79 81 87 34 
28 34 40 45 20 31 51 50 0 54 68 24 28 94 79 81 87 34 
28 34 40 45 20 31 51 50 0 54 68 24 28 94 79 81 87 34 
28 34 40 45 20 31 51 50 0 54 68 24 28 94 79 81 87 34 
28 34 40 45 20 31 51 50 0 54 68 24 28 94 79 81 87 34 
28 34 40 45 20 31 51 50 0 54 68 24 28 94 79 81 87 34 
28 34 40 45 20 31 51 50 0 54 68 24 28 94 79 81 87 34 
28 34 40 45 20 31 51 50 0 54 68 24 28 94 79 81 87 34 
28 34 40 45 20 31 51 50 0 54 68 24 28 94 79 81 87 81 
28 34 40 45 20 31 51 50 0 54 68 24 28 94 79 81 87 81 
28 34 40 45 20 31 51 50 0 54 68 24 28 94 79 81 87 81 
28 34 40 45 20 31 51 50 0 54 68 24 28 94 79 81 87 81 
28 34 40 45 20 31 51 50 0 54 68 24 28 94 79 81 87 81 
28 34 40 45 20 31 51 50 0 54 68 24 28 94 79 81 87 81 
28 34 40 45 20 31 51 50 0 54 68 24 28 94 79 81 87 81 
28 34 40 45 20 31 51 50 0 54 68 24 28 94 79 81 87 81 
28 34 40 45 20 31 51 50 0 54 68 24 28 94 79 81 87 81 
28 34 40 45 20 31 51 50 0 54 68 24 28 94 79 81 87 81 
28 34 40 45 38 31 51 50 0 54 68 24 28 94 79 81 87 81 
28 34 40 45 38 31 51 50 0 54 68 24 28 94 79 81 87 81 
28 34 40 45 38 31 51 50 0 54 68 24 28 94 79 81 87 81 
28 34 40 45 38 31 51 50 0 54 68 24 28 94 79 81 87 81 
28 34 40 45 38 31 51 50 0 54 68 24 28 94 79 81 87 81 
28 34 40 45 38 31 51 50 0 54 68 24 28 94 79 81 87 81 
28 34 40 45 38 31 51 50 0 54 68 24 28 94 79 81 87 81 
28 34 40 45 38 31 51 50 0 54 68 24 28 94 79 81 87 81 
28 34 40 45 38 31 51 50 0 54 68 24 28 94 79 81 87 81 
28 34 40 45 38 31 51 50 0 54 68 24 28 94 79 81 87 81 
28 34 40 26 38 31 51 50 0 54 68 24 28 94 79 81 87 81 
28 34 40 26 38 31 51 50 0 54 68 24 28 94 79 81 87 81 
28 34 40 26 38 31 51 50 0 54 68 24 28 94 79 81 87 81 
28 34 40 26 38 31 51 50 0 54 68 24 28 94 79 81 87 81 
28 34 40 26 38 31 51 50 0 54 68 24 28 94 79 81 87 81 
28 34 40 26 38 31 51 50 0 54 68 24 28 94 79 81 87 81 
28 34 40 26 38 31 51 50 0 54 68 24 28 94 79 81 87 81 
28 34 40 26 38 31 51 50 0 54 68 24 28 94 79 81 87 81 
28 34 40 26 38 31 51 50 0 54 68 24 28 94 79 81 87 81 
28 34 40 26 38 31 51 50 0 54 68 24 28 94 79 81 87 81 
28 34 40 26 38 31 51 50 0 54 68 24 28 94 79 81 87 81 
28 34 40 26 38 31 51 50 0 54 68 24 28 94 79 81 87 81 
28 34 40 26 38 31 51 50 0 54 68 24 28 94 79 81 87 81 
28 34 40 26 38 31 51 50 0 54 68 24 28 94 79 81 87 81 
28 34 40 26 38 31 51 50 0 54 68 24 28 94 79 81 87 81 
28 34 40 26 38 31 51 50 0 54 68 24 28 94 79 81 87 81 
28 34 40 26 38 31 51 50 0 54 68 24 28 94 79 81 87 81 
28 34 40 26 38 31 51 50 0 54 68 24 28 94 79 81 87 81 
28 34 40 26 38 31 51 50 0 54 68 24 28 94 79 81 87 81 
28 34 40 26 38 31 51 50 0 54 68 24 28 94 79 81 87 81 
28 34 40 26 38 31 51 50 0 54 68 24 28 94 79 81 87 81 
28 34 40 26 38 31 51 50 0 54 68 24 28 94 79 81 87 81 
28 34 40 26 38 31 51 50 0 54 68 24 28 94 79 81 87 81 
28 34 40 26 38 31 51 50 0 54 68 24 28 94 79 81 87 81 
28 34 40 26 38 31 51 50 0 54 68 24 28 94 79 81 87 81 
28 34 40 26 38 31 51 50 0 54 68 24 28 94 79 81 87 81 
28 34 40 26 38 31 51 50 0 54 68 24 28 94 79 81 87 81 
28 34 40 26 38 31 51 50 0 54 68 24 28 94 79 81 87 81 
28 34 40 26 38 31 51 50 0 54 68 24 28 94 79 81 87 81 
28 34 40 26 38 31 51 50 0 54 68 24 28 94 79 81 87 81 
28 34 40 26 38 31 51 50 0 54 68 24 28 94 79 81 87 81 
28 34 40 26 38 31 51 50 0 54 68 24 28 94 79 81 87 81 
28 34 40 26 38 31 51 50 0 54 68 24 28 94 79 81 87 81 
28 34 40 26 38 31 51 50 0 54 68 24 28 94 79 81 87 81 
28 34 40 26 38 31 51 50 0 54 68 24 28 94 79 81 87 81 
28 34 40 26 38 31 51 50 0 54 68 24 28 94 79 81 87 81 
28 34 40 26 38 31 51 50 0 54 68 24 28 94 79 81 87 81 
28 34 40 26 38 31 51 50 0 54 68 24 28 94 79 81 87 81 
28 34 40 26 38 31 51 50 0 54 68 24 28 94 79 81 87 81 
28 34 40 26 38 31 51 50 0 54 68 24 28 94 79 81 87 81 
28 34 40 26 38 31 51 31 0 54 68 24 28 94 79 81 87 81 
28 34 40 26 38 31 51 31 0 54 68 24 28 94 79 81 87 81 
28 34 40 26 38 31 51 31 0 54 68 24 28 94 79 81 87 81 
28 34 40 26 38 31 51 31 0 54 68 24 28 94 79 81 87 81 
28 34 40 26 38 31 51 31 0 54 68 24 28 94 79 81 87 81 
28 34 40 26 38 31 51 31 0 54 68 24 28 94 79 81 87 81 
28 34 40 26 38 31 51 31 0 54 68 24 28 94 79 81 87 81 
28 34 40 26 38 31 51 31 0 54 68 24 28 94 79 81 87 81 
28 34 40 26 38 31 51 31 0 54 68 24 28 94 79 81 87 81 
28 34 40 26 38 31 51 31 0 54 68 24 28 94 79 81 87 81 
28 34 40 26 38 31 51 31 0 54 68 24 28 94 79 81 87 81 
28 34 40 26 38 31 51 31 0 54 68 24 28 94 79 81 87 81 
28 34 40 26 38 31 51 31 0 54 68 24 28 94 79 81 87 81 
28 34 40 26 38 31 51 31 0 54 68 24 28 94 79 81 87 81 
28 34 40 26 38 31 51 31 0 54 68 24 28 94 79 81 87 81 
28 34 40 26 38 31 51 31 0 54 68 24 28 94 79 81 87 81 
28 34 40 26 38 31 51 31 0 54 68 24 28 94 79 81 87 81 
28 34 40 26 38 31 51 31 0 54 68 24 28 94 79 81 87 81 
28 34 40 26 38 31 51 31 0 54 68 24 28 94 79 81 87 81 
28 34 40 26 38 31 51 31 0 54 68 24 28 94 79 81 87 81 
28 34 40 0 38 31 51 31 0 0 68 24 28 94 79 81 87 81 
28 34 40 0 38 31 51 31 0 0 68 24 28 94 79 81 87 81 
28 34 40 0 38 31 51 31 0 0 68 24 28 94 79 81 87 81 
28 34 40 0 38 31 51 31 0 0 68 24 28 94 79 81 87 81 
28 34 40 0 38 31 51 31 0 0 68 24 28 94 79 81 87 81 
28 34 40 0 38 31 51 31 0 0 68 24 28 94 79 81 87 81 
28 34 40 0 38 31 51 31 0 0 68 24 28 94 79 81 87 81 
28 34 40 0 38 31 51 31 0 0 68 24 28 94 79 81 87 81 
28 34 40 0 38 31 51 31 0 0 68 24 28 94 79 81 87 81 
28 34 40 0 38 31 51 31 0 0 68 24 28 94 79 81 87 81 
28 84 40 0 38 31 51 31 0 0 68 24 0 94 79 81 0 81 
28 84 40 0 38 31 51 31 0 0 68 24 0 94 79 81 0 81 
28 84 40 0 38 31 51 31 0 0 68 24 0 94 79 81 0 81 
28 84 40 0 38 31 51 31 0 0 68 24 0 94 79 81 0 81 
28 84 40 0 38 31 51 31 0 0 68 24 0 94 79 81 0 81 
28 84 40 0 38 31 51 31 0 0 68 24 0 94 79 81 0 81 
28 84 40 0 38 31 51 31 0 0 68 24 0 94 79 81 0 81 
28 84 40 0 38 31 51 31 0 0 68 24 0 94 79 81 0 81 
28 84 40 0 38 31 51 31 0 0 68 24 0 94 79 81 0 81 
28 84 40 0 38 31 51 31 0 0 68 24 0 94 79 81 0 81 
28 54 40 0 38 31 0 31 0 0 68 24 0 94 79 81 0 0 
28 54 40 0 38 31 0 31 0 0 68 24 0 94 79 81 0 0 
28 54 40 0 38 31 0 31 0 0 68 24 0 94 79 81 0 0 
28 54 40 0 38 31 0 31 0 0 68 24 0 94 79 81 0 0 
28 54 40 0 38 31 0 31 0 0 68 24 0 94 79 81 0 0 
28 54 40 0 38 31 0 31 0 0 68 24 0 94 79 81 0 0 
28 54 40 0 38 31 0 31 0 0 68 24 0 94 79 81 0 0 
28 54 40 0 38 31 0 31 0 0 68 24 0 94 79 81 0 0 
28 54 40 0 38 31 0 31 0 0 68 24 0 94 79 81 0 0 
28 54 40 0 38 31 0 31 0 0 68 24 0 94 79 81 0 0 
28 54 40 0 38 31 0 0 0 0 68 24 0 0 79 81 0 0 
28 54 40 0 38 31 0 0 0 0 68 24 0 0 79 81 0 0 
28 54 40 0 38 31 0 0 0 0 68 24 0 0 79 81 0 0 
28 54 40 0 38 31 0 0 0 0 68 24 0 0 79 81 0 0 
28 54 40 0 38 31 0 0 0 0 68 24 0 0 79 81 0 0 
28 54 40 0 38 31 0 0 0 0 68 24 0 0 79 81 0 0 
28 54 40 0 38 31 0 0 0 0 68 24 0 0 79 81 0 0 
28 54 40 0 38 31 0 0 0 0 68 24 0 0 79 81 0 0 
28 54 40 0 38 31 0 0 0 0 68 24 0 0 79 81 0 0 
28 54 40 0 38 31 0 0 0 0 68 24 0 0 79 81 0 0 
0 0 40 0 0 31 0 0 0 0 68 24 0 0 79 81 0 0 
0 0 40 0 0 31 0 0 0 0 68 24 0 0 79 81 0 0 
0 0 40 0 0 31 0 0 0 0 68 24 0 0 79 81 0 0 
0 0 40 0 0 31 0 0 0 0 68 24 0 0 79 81 0 0 
0 0 40 0 0 31 0 0 0 0 68 24 0 0 79 81 0 0 
0 0 40 0 0 31 0 0 0 0 68 24 0 0 79 81 0 0 
0 0 40 0 0 31 0 0 0 0 68 24 0 0 79 81 0 0 
0 0 40 0 0 31 0 0 0 0 68 24 0 0 79 81 0 0 
0 0 40 0 0 31 0 0 0 0 68 24 0 0 79 81 0 0 
0 0 40 0 0 31 0 0 0 0 68 24 0 0 79 81 0 0 
0 0 0 0 0 31 0 0 0 0 0 0 0 0 79 81 0 0 
0 0 0 0 0 31 0 0 0 0 0 0 0 0 79 81 0 0 
0 0 0 0 0 31 0 0 0 0 0 0 0 0 79 81 0 0 
0 0 0 0 0 31 0 0 0 0 0 0 0 0 79 81 0 0 
0 0 0 0 0 31 0 0 0 0 0 0 0 0 79 81 0 0 
0 0 0 0 0 31 0 0 0 0 0 0 0 0 79 81 0 0 
0 0 0 0 0 31 0 0 0 0 0 0 0 0 79 81 0 0 
0 0 0 0 0 31 0 0 0 0 0 0 0 0 79 81 0 0 
0 0 0 0 0 31 0 0 0 0 0 0 0 0 79 81 0 0 
0 0 0 0 0 31 0 0 0 0 0 0 0 0 79 81 0 0 
0 0 0 0 0 0 0 0 0 0 0 0 0 0 0 0 0 0 
