0.7914500000000011 0.23705000000000012 0.14230000000000106 0.23705000000000012 0.16975000000000134 0.12345000000000117 0.14230000000000106 0.12345000000000117 0.10750000000000086 0.704800000000001 0.23695000000000022 0.14215000000000091 0.23695000000000022 0.16970000000000138 0.12345000000000117 0.14215000000000091 0.12345000000000117 0.10750000000000086 
0.23705000000000037 0.8507 0.23705000000000037 0.1677000000000009 0.25970000000000143 0.1677000000000009 0.12325000000000048 0.1401000000000022 0.12325000000000048 0.2366999999999996 0.7644000000000012 0.2366999999999996 0.16765000000000096 0.25945000000000074 0.16765000000000096 0.1232000000000005 0.1401000000000022 0.1232000000000005 
0.1419999999999999 0.23700000000000018 0.7912999999999999 0.12330000000000015 0.16964999999999889 0.23700000000000018 0.1074499999999989 0.12330000000000015 0.1419999999999999 0.1419999999999999 0.23690000000000025 0.7047499999999999 0.12320000000000024 0.16959999999999892 0.23690000000000025 0.1074499999999989 0.12320000000000024 0.1419999999999999 
0.23704999999999926 0.16784999999999878 0.1232000000000005 0.8507999999999999 0.25980000000000053 0.14004999999999937 0.23704999999999926 0.16784999999999878 0.1232000000000005 0.2367999999999995 0.16779999999999884 0.1232000000000005 0.7644000000000004 0.2595500000000001 0.14004999999999937 0.2367999999999995 0.16779999999999884 0.1232000000000005 
0.16945000000000104 0.2595500000000015 0.16945000000000104 0.2595500000000015 0.9211000000000009 0.2595500000000015 0.16945000000000104 0.2595500000000015 0.16945000000000104 0.16935000000000058 0.25940000000000163 0.16935000000000058 0.25940000000000163 0.8353500000000015 0.25940000000000163 0.16935000000000058 0.25940000000000163 0.16935000000000058 
0.12325000000000046 0.16775000000000173 0.23700000000000046 0.1400000000000031 0.2597000000000008 0.8507500000000003 0.12325000000000046 0.16775000000000173 0.23700000000000046 0.12325000000000046 0.16765000000000124 0.2367000000000002 0.1400000000000031 0.2593500000000012 0.7642500000000021 0.12325000000000046 0.16765000000000124 0.2367000000000002 
0.14215000000000205 0.12330000000000099 0.107500000000002 0.23705000000000126 0.16960000000000205 0.12330000000000099 0.7913000000000007 0.23705000000000126 0.14215000000000205 0.14210000000000209 0.12325000000000104 0.1074000000000018 0.2369500000000008 0.16960000000000205 0.12325000000000104 0.7046500000000016 0.2369500000000008 0.14210000000000209 
0.12335000000000122 0.14025000000000065 0.12335000000000122 0.1679000000000013 0.2598000000000019 0.1679000000000013 0.23705000000000043 0.8507999999999996 0.23705000000000043 0.12335000000000122 0.14005000000000023 0.12335000000000122 0.1678000000000014 0.2596000000000021 0.1678000000000014 0.23680000000000065 0.7644499999999999 0.23680000000000065 
0.10720000000000027 0.12314999999999858 0.142050000000001 0.12314999999999858 0.16940000000000027 0.2369999999999987 0.142050000000001 0.2369999999999987 0.7911500000000002 0.10720000000000027 0.12309999999999863 0.142050000000001 0.12309999999999863 0.1692500000000004 0.23679999999999893 0.142050000000001 0.23679999999999893 0.7044500000000007 
0.7045000000000008 0.2366499999999999 0.142050000000001 0.2366499999999999 0.16935 0.12314999999999972 0.142050000000001 0.12314999999999972 0.10734999999999983 0.7051000000000008 0.23640000000000017 0.14200000000000107 0.23640000000000017 0.16935 0.12309999999999977 0.14200000000000107 0.12309999999999977 0.10734999999999983 
0.23689999999999972 0.7645999999999995 0.23689999999999972 0.16774999999999915 0.25949999999999845 0.16774999999999915 0.1233999999999992 0.14009999999999992 0.1233999999999992 0.23664999999999994 0.7654999999999996 0.23664999999999994 0.1676999999999992 0.2593999999999986 0.1676999999999992 0.1233499999999987 0.13999999999999999 0.1233499999999987 
0.14199999999999904 0.2366999999999993 0.7046500000000002 0.1232499999999999 0.16950000000000015 0.2366999999999993 0.1074999999999997 0.1232499999999999 0.14199999999999904 0.14199999999999904 0.23659999999999942 0.7051499999999995 0.12315000000000001 0.16950000000000015 0.23659999999999942 0.10744999999999978 0.12315000000000001 0.14199999999999904 
0.2369500000000005 0.16774999999999887 0.12340000000000007 0.7645499999999987 0.2595500000000007 0.14009999999999936 0.2369500000000005 0.16774999999999887 0.12340000000000007 0.23655000000000084 0.16764999999999897 0.12330000000000015 0.7655499999999994 0.25940000000000085 0.13999999999999946 0.23655000000000084 0.16764999999999897 0.12330000000000015 
0.1695000000000024 0.2595500000000013 0.1695000000000024 0.2595500000000013 0.8353500000000007 0.2595500000000013 0.1695000000000024 0.2595500000000013 0.1695000000000024 0.16935000000000197 0.259200000000001 0.16935000000000197 0.259200000000001 0.8367499999999998 0.259200000000001 0.16935000000000197 0.259200000000001 0.16935000000000197 
0.12319999999999909 0.1675999999999993 0.23679999999999896 0.14004999999999937 0.259299999999999 0.7643000000000002 0.12319999999999909 0.1675999999999993 0.23679999999999896 0.12309999999999917 0.16749999999999937 0.23639999999999936 0.1399999999999994 0.259249999999999 0.7653 0.12309999999999917 0.16749999999999937 0.23639999999999936 
0.14205000000000073 0.12320000000000024 0.10735000000000072 0.23660000000000023 0.1694000000000005 0.12320000000000024 0.7046000000000008 0.23660000000000023 0.14205000000000073 0.14200000000000076 0.12315000000000029 0.10735000000000072 0.23660000000000023 0.16935000000000053 0.12315000000000029 0.70515 0.23660000000000023 0.14200000000000076 
0.12315000000000056 0.14004999999999965 0.12315000000000056 0.16745000000000088 0.25930000000000175 0.16745000000000088 0.2367000000000008 0.7642999999999999 0.2367000000000008 0.12315000000000056 0.1399999999999997 0.12315000000000056 0.16745000000000088 0.25920000000000176 0.16745000000000088 0.23630000000000057 0.7652999999999996 0.23630000000000057 
0.10725000000000025 0.12305000000000008 0.14200000000000074 0.12305000000000008 0.16925000000000062 0.23664999999999964 0.14200000000000074 0.23664999999999964 0.7044999999999992 0.10720000000000027 0.12305000000000008 0.14200000000000074 0.12305000000000008 0.16925000000000062 0.23644999999999924 0.14200000000000074 0.23644999999999924 0.7049999999999997 
