PE_L1_1 PE_L1_2 PE_L1_3 PE_L1_4 PE_L2_1 PE_L2_2 PE_L2_3 PE_L2_4 
31 23 50 34 32 81 94 24 
31 23 50 34 32 81 94 24 
31 23 50 34 32 81 94 24 
31 23 50 34 32 81 94 24 
31 23 50 34 32 81 94 24 
31 23 50 34 32 81 94 24 
31 23 50 34 32 81 94 24 
31 23 50 34 32 81 94 24 
31 23 50 34 32 81 94 24 
31 23 50 34 32 81 94 24 
51 34 50 34 32 81 94 24 
51 34 50 34 32 81 94 24 
51 34 50 34 32 81 94 24 
51 34 50 34 32 81 94 24 
51 34 50 34 32 81 94 24 
51 34 50 34 32 81 94 24 
51 34 50 34 32 81 94 24 
51 34 50 34 32 81 94 24 
51 34 50 34 32 81 94 24 
51 34 50 34 32 81 94 24 
51 34 50 34 32 81 94 24 
51 34 50 34 32 81 94 24 
51 34 50 34 32 81 94 24 
51 34 50 34 32 81 94 24 
51 34 50 34 32 81 94 24 
51 34 50 34 32 81 94 24 
51 34 50 34 32 81 94 24 
51 34 50 34 32 81 94 24 
51 34 50 34 32 81 94 24 
51 34 50 34 32 81 94 24 
51 34 50 34 31 81 94 24 
51 34 50 34 31 81 94 24 
51 34 50 34 31 81 94 24 
51 34 50 34 31 81 94 24 
51 34 50 34 31 81 94 24 
51 34 50 34 31 81 94 24 
51 34 50 34 31 81 94 24 
51 34 50 34 31 81 94 24 
51 34 50 34 31 81 94 24 
51 34 50 34 31 81 94 24 
51 34 50 34 31 81 94 24 
51 34 50 34 31 81 94 24 
51 34 50 34 31 81 94 24 
51 34 50 34 31 81 94 24 
51 34 50 34 31 81 94 24 
51 34 50 34 31 81 94 24 
51 34 50 34 31 81 94 24 
51 34 50 34 31 81 94 24 
51 34 50 34 31 81 94 24 
51 34 50 34 31 81 94 24 
51 34 50 34 31 81 94 24 
51 34 50 34 31 81 94 24 
51 34 50 34 31 81 94 24 
51 34 50 34 31 81 94 24 
51 34 50 34 31 81 94 24 
51 34 50 34 31 81 94 24 
51 34 50 34 31 81 94 24 
51 34 50 34 31 81 94 24 
51 34 50 34 31 81 94 24 
51 34 50 34 31 81 94 24 
51 34 50 34 31 81 94 24 
51 34 50 34 31 81 94 24 
51 34 50 34 31 81 94 24 
51 34 50 34 31 81 94 24 
51 34 50 34 31 81 94 24 
51 34 50 34 31 81 94 24 
51 34 50 34 31 81 94 24 
51 34 50 34 31 81 94 24 
51 34 50 34 31 81 94 24 
51 34 50 34 31 81 94 24 
51 84 50 34 31 81 94 24 
51 84 50 34 31 81 94 24 
51 84 50 34 31 81 94 24 
51 84 50 34 31 81 94 24 
51 84 50 34 31 81 94 24 
51 84 50 34 31 81 94 24 
51 84 50 34 31 81 94 24 
51 84 50 34 31 81 94 24 
51 84 50 34 31 81 94 24 
51 84 50 34 31 81 94 24 
51 28 50 34 28 81 94 24 
51 28 50 34 28 81 94 24 
51 28 50 34 28 81 94 24 
51 28 50 34 28 81 94 24 
51 28 50 34 28 81 94 24 
51 28 50 34 28 81 94 24 
51 28 50 34 28 81 94 24 
51 28 50 34 28 81 94 24 
51 28 50 34 28 81 94 24 
51 28 50 34 28 81 94 24 
51 28 50 34 28 81 94 24 
51 28 50 34 28 81 94 24 
51 28 50 34 28 81 94 24 
51 28 50 34 28 81 94 24 
51 28 50 34 28 81 94 24 
51 28 50 34 28 81 94 24 
51 28 50 34 28 81 94 24 
51 28 50 34 28 81 94 24 
51 28 50 34 28 81 94 24 
51 28 50 34 28 81 94 24 
51 28 50 34 28 81 94 24 
51 28 50 34 28 81 94 24 
51 28 50 34 28 81 94 24 
51 28 50 34 28 81 94 24 
51 28 50 34 28 81 94 24 
51 28 50 34 28 81 94 24 
51 28 50 34 28 81 94 24 
51 28 50 34 28 81 94 24 
51 28 50 34 28 81 94 24 
51 28 50 34 28 81 94 24 
51 28 50 34 28 81 94 24 
51 28 50 34 28 81 94 24 
51 28 50 34 28 81 94 24 
51 28 50 34 28 81 94 24 
51 28 50 34 28 81 94 24 
51 28 50 34 28 81 94 24 
51 28 50 34 28 81 94 24 
51 28 50 34 28 81 94 24 
51 28 50 34 28 81 94 24 
51 28 50 34 28 81 94 24 
51 28 89 34 28 81 94 24 
51 28 89 34 28 81 94 24 
51 28 89 34 28 81 94 24 
51 28 89 34 28 81 94 24 
51 28 89 34 28 81 94 24 
51 28 89 34 28 81 94 24 
51 28 89 34 28 81 94 24 
51 28 89 34 28 81 94 24 
51 28 89 34 28 81 94 24 
51 28 89 34 28 81 94 24 
51 28 89 34 28 81 94 24 
51 28 89 34 28 81 94 24 
51 28 89 34 28 81 94 24 
51 28 89 34 28 81 94 24 
51 28 89 34 28 81 94 24 
51 28 89 34 28 81 94 24 
51 28 89 34 28 81 94 24 
51 28 89 34 28 81 94 24 
51 28 89 34 28 81 94 24 
51 28 89 34 28 81 94 24 
51 28 89 34 28 81 94 24 
51 28 89 34 28 81 94 24 
51 28 89 34 28 81 94 24 
51 28 89 34 28 81 94 24 
51 28 89 34 28 81 94 24 
51 28 89 34 28 81 94 24 
51 28 89 34 28 81 94 24 
51 28 89 34 28 81 94 24 
51 28 89 34 28 81 94 24 
51 28 89 34 28 81 94 24 
51 28 68 40 28 81 94 24 
51 28 68 40 28 81 94 24 
51 28 68 40 28 81 94 24 
51 28 68 40 28 81 94 24 
51 28 68 40 28 81 94 24 
51 28 68 40 28 81 94 24 
51 28 68 40 28 81 94 24 
51 28 68 40 28 81 94 24 
51 28 68 40 28 81 94 24 
51 28 68 40 28 81 94 24 
51 28 68 40 28 81 94 24 
51 28 68 40 28 81 94 24 
51 28 68 40 28 81 94 24 
51 28 68 40 28 81 94 24 
51 28 68 40 28 81 94 24 
51 28 68 40 28 81 94 24 
51 28 68 40 28 81 94 24 
51 28 68 40 28 81 94 24 
51 28 68 40 28 81 94 24 
51 28 68 40 28 81 94 24 
31 28 68 40 28 81 45 24 
31 28 68 40 28 81 45 24 
31 28 68 40 28 81 45 24 
31 28 68 40 28 81 45 24 
31 28 68 40 28 81 45 24 
31 28 68 40 28 81 45 24 
31 28 68 40 28 81 45 24 
31 28 68 40 28 81 45 24 
31 28 68 40 28 81 45 24 
31 28 68 40 28 81 45 24 
31 28 68 40 28 81 45 24 
31 28 68 40 28 81 45 24 
31 28 68 40 28 81 45 24 
31 28 68 40 28 81 45 24 
31 28 68 40 28 81 45 24 
31 28 68 40 28 81 45 24 
31 28 68 40 28 81 45 24 
31 28 68 40 28 81 45 24 
31 28 68 40 28 81 45 24 
31 28 68 40 28 81 45 24 
31 28 68 40 28 81 45 64 
31 28 68 40 28 81 45 64 
31 28 68 40 28 81 45 64 
31 28 68 40 28 81 45 64 
31 28 68 40 28 81 45 64 
31 28 68 40 28 81 45 64 
31 28 68 40 28 81 45 64 
31 28 68 40 28 81 45 64 
31 28 68 40 28 81 45 64 
31 28 68 40 28 81 45 64 
31 28 68 40 28 38 45 79 
31 28 68 40 28 38 45 79 
31 28 68 40 28 38 45 79 
31 28 68 40 28 38 45 79 
31 28 68 40 28 38 45 79 
31 28 68 40 28 38 45 79 
31 28 68 40 28 38 45 79 
31 28 68 40 28 38 45 79 
31 28 68 40 28 38 45 79 
31 28 68 40 28 38 45 79 
31 28 68 40 28 38 45 79 
31 28 68 40 28 38 45 79 
31 28 68 40 28 38 45 79 
31 28 68 40 28 38 45 79 
31 28 68 40 28 38 45 79 
31 28 68 40 28 38 45 79 
31 28 68 40 28 38 45 79 
31 28 68 40 28 38 45 79 
31 28 68 40 28 38 45 79 
31 28 68 40 28 38 45 79 
31 28 68 40 28 38 45 79 
31 28 68 40 28 38 45 79 
31 28 68 40 28 38 45 79 
31 28 68 40 28 38 45 79 
31 28 68 40 28 38 45 79 
31 28 68 40 28 38 45 79 
31 28 68 40 28 38 45 79 
31 28 68 40 28 38 45 79 
31 28 68 40 28 38 45 79 
31 28 68 40 28 38 45 79 
31 54 68 40 28 38 45 79 
31 54 68 40 28 38 45 79 
31 54 68 40 28 38 45 79 
31 54 68 40 28 38 45 79 
31 54 68 40 28 38 45 79 
31 54 68 40 28 38 45 79 
31 54 68 40 28 38 45 79 
31 54 68 40 28 38 45 79 
31 54 68 40 28 38 45 79 
31 54 68 40 28 38 45 79 
31 54 68 40 28 38 45 79 
31 54 68 40 28 38 45 79 
31 54 68 40 28 38 45 79 
31 54 68 40 28 38 45 79 
31 54 68 40 28 38 45 79 
31 54 68 40 28 38 45 79 
31 54 68 40 28 38 45 79 
31 54 68 40 28 38 45 79 
31 54 68 40 28 38 45 79 
31 54 68 40 28 38 45 79 
31 81 68 40 28 38 87 79 
31 81 68 40 28 38 87 79 
31 81 68 40 28 38 87 79 
31 81 68 40 28 38 87 79 
31 81 68 40 28 38 87 79 
31 81 68 40 28 38 87 79 
31 81 68 40 28 38 87 79 
31 81 68 40 28 38 87 79 
31 81 68 40 28 38 87 79 
31 81 68 40 28 38 87 79 
31 81 68 40 54 38 87 79 
31 81 68 40 54 38 87 79 
31 81 68 40 54 38 87 79 
31 81 68 40 54 38 87 79 
31 81 68 40 54 38 87 79 
31 81 68 40 54 38 87 79 
31 81 68 40 54 38 87 79 
31 81 68 40 54 38 87 79 
31 81 68 40 54 38 87 79 
31 81 68 40 54 38 87 79 
31 81 68 40 54 38 87 79 
31 81 68 40 54 38 87 79 
31 81 68 40 54 38 87 79 
31 81 68 40 54 38 87 79 
31 81 68 40 54 38 87 79 
31 81 68 40 54 38 87 79 
31 81 68 40 54 38 87 79 
31 81 68 40 54 38 87 79 
31 81 68 40 54 38 87 79 
31 81 68 40 54 38 87 79 
31 81 68 40 54 38 87 79 
31 81 68 40 54 38 87 79 
31 81 68 40 54 38 87 79 
31 81 68 40 54 38 87 79 
31 81 68 40 54 38 87 79 
31 81 68 40 54 38 87 79 
31 81 68 40 54 38 87 79 
31 81 68 40 54 38 87 79 
31 81 68 40 54 38 87 79 
31 81 68 40 54 38 87 79 
31 81 68 40 54 38 87 79 
31 81 68 40 54 38 87 79 
31 81 68 40 54 38 87 79 
31 81 68 40 54 38 87 79 
31 81 68 40 54 38 87 79 
31 81 68 40 54 38 87 79 
31 81 68 40 54 38 87 79 
31 81 68 40 54 38 87 79 
31 81 68 40 54 38 87 79 
31 81 68 40 54 38 87 79 
31 81 68 40 54 38 87 79 
31 81 68 40 54 38 87 79 
31 81 68 40 54 38 87 79 
31 81 68 40 54 38 87 79 
31 81 68 40 54 38 87 79 
31 81 68 40 54 38 87 79 
31 81 68 40 54 38 87 79 
31 81 68 40 54 38 87 79 
31 81 68 40 54 38 87 79 
31 81 68 40 54 38 87 79 
31 81 87 38 54 26 87 79 
31 81 87 38 54 26 87 79 
31 81 87 38 54 26 87 79 
31 81 87 38 54 26 87 79 
31 81 87 38 54 26 87 79 
31 81 87 38 54 26 87 79 
31 81 87 38 54 26 87 79 
31 81 87 38 54 26 87 79 
31 81 87 38 54 26 87 79 
31 81 87 38 54 26 87 79 
31 81 87 38 54 26 87 79 
31 81 87 38 54 26 87 79 
31 81 87 38 54 26 87 79 
31 81 87 38 54 26 87 79 
31 81 87 38 54 26 87 79 
31 81 87 38 54 26 87 79 
31 81 87 38 54 26 87 79 
31 81 87 38 54 26 87 79 
31 81 87 38 54 26 87 79 
31 81 87 38 54 26 87 79 
31 81 87 38 54 26 87 79 
31 81 87 38 54 26 87 79 
31 81 87 38 54 26 87 79 
31 81 87 38 54 26 87 79 
31 81 87 38 54 26 87 79 
31 81 87 38 54 26 87 79 
31 81 87 38 54 26 87 79 
31 81 87 38 54 26 87 79 
31 81 87 38 54 26 87 79 
31 81 87 38 54 26 87 79 
31 81 87 38 54 26 87 79 
31 81 87 38 54 26 87 79 
31 81 87 38 54 26 87 79 
31 81 87 38 54 26 87 79 
31 81 87 38 54 26 87 79 
31 81 87 38 54 26 87 79 
31 81 87 38 54 26 87 79 
31 81 87 38 54 26 87 79 
31 81 87 38 54 26 87 79 
31 81 87 38 54 26 87 79 
31 85 59 38 54 26 87 79 
31 85 59 38 54 26 87 79 
31 85 59 38 54 26 87 79 
31 85 59 38 54 26 87 79 
31 85 59 38 54 26 87 79 
31 85 59 38 54 26 87 79 
31 85 59 38 54 26 87 79 
31 85 59 38 54 26 87 79 
31 85 59 38 54 26 87 79 
31 85 59 38 54 26 87 79 
31 95 59 38 54 26 87 79 
31 95 59 38 54 26 87 79 
31 95 59 38 54 26 87 79 
31 95 59 38 54 26 87 79 
31 95 59 38 54 26 87 79 
31 95 59 38 54 26 87 79 
31 95 59 38 54 26 87 79 
31 95 59 38 54 26 87 79 
31 95 59 38 54 26 87 79 
31 95 59 38 54 26 87 79 
20 95 59 38 54 91 87 79 
20 95 59 38 54 91 87 79 
20 95 59 38 54 91 87 79 
20 95 59 38 54 91 87 79 
20 95 59 38 54 91 87 79 
20 95 59 38 54 91 87 79 
20 95 59 38 54 91 87 79 
20 95 59 38 54 91 87 79 
20 95 59 38 54 91 87 79 
20 95 59 38 54 91 87 79 
20 95 59 0 0 91 87 79 
20 95 59 0 0 91 87 79 
20 95 59 0 0 91 87 79 
20 95 59 0 0 91 87 79 
20 95 59 0 0 91 87 79 
20 95 59 0 0 91 87 79 
20 95 59 0 0 91 87 79 
20 95 59 0 0 91 87 79 
20 95 59 0 0 91 87 79 
20 95 59 0 0 91 87 79 
20 64 59 0 0 91 87 79 
20 64 59 0 0 91 87 79 
20 64 59 0 0 91 87 79 
20 64 59 0 0 91 87 79 
20 64 59 0 0 91 87 79 
20 64 59 0 0 91 87 79 
20 64 59 0 0 91 87 79 
20 64 59 0 0 91 87 79 
20 64 59 0 0 91 87 79 
20 64 59 0 0 91 87 79 
0 0 0 0 0 0 0 0 
