PE_L1_1 PE_L1_2 PE_L1_3 PE_L1_4 PE_L1_5 PE_L1_6 PE_L1_7 PE_L1_8 PE_L1_9 PE_L2_1 PE_L2_2 PE_L2_3 PE_L2_4 PE_L2_5 PE_L2_6 PE_L2_7 PE_L2_8 PE_L2_9 PE_L3_1 PE_L3_2 PE_L3_3 PE_L3_4 PE_L3_5 PE_L3_6 PE_L3_7 PE_L3_8 PE_L3_9 
68 51 38 26 45 34 81 31 54 0 20 94 31 0 31 0 0 79 85 87 24 89 28 81 50 64 23 
68 51 38 26 45 34 81 31 54 0 20 94 31 0 31 0 0 79 85 87 24 89 28 81 50 64 23 
68 51 38 26 45 34 81 31 54 0 20 94 31 0 31 0 0 79 85 87 24 89 28 81 50 64 23 
68 51 38 26 45 34 81 31 54 0 20 94 31 0 31 0 0 79 85 87 24 89 28 81 50 64 23 
68 51 38 26 45 34 81 31 54 0 20 94 31 0 31 0 0 79 85 87 24 89 28 81 50 64 23 
68 51 38 26 45 34 81 31 54 0 20 94 31 0 31 0 0 79 85 87 24 89 28 81 50 64 23 
68 51 38 26 45 34 81 31 54 0 20 94 31 0 31 0 0 79 85 87 24 89 28 81 50 64 23 
68 51 38 26 45 34 81 31 54 0 20 94 31 0 31 0 0 79 85 87 24 89 28 81 50 64 23 
68 51 38 26 45 34 81 31 54 0 20 94 31 0 31 0 0 79 85 87 24 89 28 81 50 64 23 
68 51 38 26 45 34 81 31 54 0 20 94 31 0 31 0 0 79 85 87 24 89 28 81 50 64 23 
68 51 38 26 45 34 81 31 54 0 20 94 31 0 32 0 0 79 0 87 24 89 28 81 50 40 0 
68 51 38 26 45 34 81 31 54 0 20 94 31 0 32 0 0 79 0 87 24 89 28 81 50 40 0 
68 51 38 26 45 34 81 31 54 0 20 94 31 0 32 0 0 79 0 87 24 89 28 81 50 40 0 
68 51 38 26 45 34 81 31 54 0 20 94 31 0 32 0 0 79 0 87 24 89 28 81 50 40 0 
68 51 38 26 45 34 81 31 54 0 20 94 31 0 32 0 0 79 0 87 24 89 28 81 50 40 0 
68 51 38 26 45 34 81 31 54 0 20 94 31 0 32 0 0 79 0 87 24 89 28 81 50 40 0 
68 51 38 26 45 34 81 31 54 0 20 94 31 0 32 0 0 79 0 87 24 89 28 81 50 40 0 
68 51 38 26 45 34 81 31 54 0 20 94 31 0 32 0 0 79 0 87 24 89 28 81 50 40 0 
68 51 38 26 45 34 81 31 54 0 20 94 31 0 32 0 0 79 0 87 24 89 28 81 50 40 0 
68 51 38 26 45 34 81 31 54 0 20 94 31 0 32 0 0 79 0 87 24 89 28 81 50 40 0 
68 51 38 26 45 34 81 31 54 0 20 94 31 0 32 0 0 79 0 87 24 89 28 81 50 40 0 
68 51 38 26 45 34 81 31 54 0 20 94 31 0 32 0 0 79 0 87 24 89 28 81 50 40 0 
68 51 38 26 45 34 81 31 54 0 20 94 31 0 32 0 0 79 0 87 24 89 28 81 50 40 0 
68 51 38 26 45 34 81 31 54 0 20 94 31 0 32 0 0 79 0 87 24 89 28 81 50 40 0 
68 51 38 26 45 34 81 31 54 0 20 94 31 0 32 0 0 79 0 87 24 89 28 81 50 40 0 
68 51 38 26 45 34 81 31 54 0 20 94 31 0 32 0 0 79 0 87 24 89 28 81 50 40 0 
68 51 38 26 45 34 81 31 54 0 20 94 31 0 32 0 0 79 0 87 24 89 28 81 50 40 0 
68 51 38 26 45 34 81 31 54 0 20 94 31 0 32 0 0 79 0 87 24 89 28 81 50 40 0 
68 51 38 26 45 34 81 31 54 0 20 94 31 0 32 0 0 79 0 87 24 89 28 81 50 40 0 
68 51 38 26 45 34 81 31 54 0 20 94 31 0 32 0 0 79 0 87 24 89 28 81 50 40 0 
68 51 38 26 45 34 81 31 54 0 95 94 31 0 32 0 0 79 0 87 24 0 28 81 50 40 0 
68 51 38 26 45 34 81 31 54 0 95 94 31 0 32 0 0 79 0 87 24 0 28 81 50 40 0 
68 51 38 26 45 34 81 31 54 0 95 94 31 0 32 0 0 79 0 87 24 0 28 81 50 40 0 
68 51 38 26 45 34 81 31 54 0 95 94 31 0 32 0 0 79 0 87 24 0 28 81 50 40 0 
68 51 38 26 45 34 81 31 54 0 95 94 31 0 32 0 0 79 0 87 24 0 28 81 50 40 0 
68 51 38 26 45 34 81 31 54 0 95 94 31 0 32 0 0 79 0 87 24 0 28 81 50 40 0 
68 51 38 26 45 34 81 31 54 0 95 94 31 0 32 0 0 79 0 87 24 0 28 81 50 40 0 
68 51 38 26 45 34 81 31 54 0 95 94 31 0 32 0 0 79 0 87 24 0 28 81 50 40 0 
68 51 38 26 45 34 81 31 54 0 95 94 31 0 32 0 0 79 0 87 24 0 28 81 50 40 0 
68 51 38 26 45 34 81 31 54 0 95 94 31 0 32 0 0 79 0 87 24 0 28 81 50 40 0 
68 51 38 26 45 34 81 31 54 0 95 94 31 0 84 0 0 79 0 87 24 0 28 81 50 40 0 
68 51 38 26 45 34 81 31 54 0 95 94 31 0 84 0 0 79 0 87 24 0 28 81 50 40 0 
68 51 38 26 45 34 81 31 54 0 95 94 31 0 84 0 0 79 0 87 24 0 28 81 50 40 0 
68 51 38 26 45 34 81 31 54 0 95 94 31 0 84 0 0 79 0 87 24 0 28 81 50 40 0 
68 51 38 26 45 34 81 31 54 0 95 94 31 0 84 0 0 79 0 87 24 0 28 81 50 40 0 
68 51 38 26 45 34 81 31 54 0 95 94 31 0 84 0 0 79 0 87 24 0 28 81 50 40 0 
68 51 38 26 45 34 81 31 54 0 95 94 31 0 84 0 0 79 0 87 24 0 28 81 50 40 0 
68 51 38 26 45 34 81 31 54 0 95 94 31 0 84 0 0 79 0 87 24 0 28 81 50 40 0 
68 51 38 26 45 34 81 31 54 0 95 94 31 0 84 0 0 79 0 87 24 0 28 81 50 40 0 
68 51 38 26 45 34 81 31 54 0 95 94 31 0 84 0 0 79 0 87 24 0 28 81 50 40 0 
68 51 38 26 45 34 81 31 54 0 95 94 28 0 0 0 0 79 0 87 24 0 28 81 50 40 0 
68 51 38 26 45 34 81 31 54 0 95 94 28 0 0 0 0 79 0 87 24 0 28 81 50 40 0 
68 51 38 26 45 34 81 31 54 0 95 94 28 0 0 0 0 79 0 87 24 0 28 81 50 40 0 
68 51 38 26 45 34 81 31 54 0 95 94 28 0 0 0 0 79 0 87 24 0 28 81 50 40 0 
68 51 38 26 45 34 81 31 54 0 95 94 28 0 0 0 0 79 0 87 24 0 28 81 50 40 0 
68 51 38 26 45 34 81 31 54 0 95 94 28 0 0 0 0 79 0 87 24 0 28 81 50 40 0 
68 51 38 26 45 34 81 31 54 0 95 94 28 0 0 0 0 79 0 87 24 0 28 81 50 40 0 
68 51 38 26 45 34 81 31 54 0 95 94 28 0 0 0 0 79 0 87 24 0 28 81 50 40 0 
68 51 38 26 45 34 81 31 54 0 95 94 28 0 0 0 0 79 0 87 24 0 28 81 50 40 0 
68 51 38 26 45 34 81 31 54 0 95 94 28 0 0 0 0 79 0 87 24 0 28 81 50 40 0 
68 51 38 0 45 34 81 31 54 0 0 94 28 0 0 0 0 79 0 87 24 0 28 81 50 40 0 
68 51 38 0 45 34 81 31 54 0 0 94 28 0 0 0 0 79 0 87 24 0 28 81 50 40 0 
68 51 38 0 45 34 81 31 54 0 0 94 28 0 0 0 0 79 0 87 24 0 28 81 50 40 0 
68 51 38 0 45 34 81 31 54 0 0 94 28 0 0 0 0 79 0 87 24 0 28 81 50 40 0 
68 51 38 0 45 34 81 31 54 0 0 94 28 0 0 0 0 79 0 87 24 0 28 81 50 40 0 
68 51 38 0 45 34 81 31 54 0 0 94 28 0 0 0 0 79 0 87 24 0 28 81 50 40 0 
68 51 38 0 45 34 81 31 54 0 0 94 28 0 0 0 0 79 0 87 24 0 28 81 50 40 0 
68 51 38 0 45 34 81 31 54 0 0 94 28 0 0 0 0 79 0 87 24 0 28 81 50 40 0 
68 51 38 0 45 34 81 31 54 0 0 94 28 0 0 0 0 79 0 87 24 0 28 81 50 40 0 
68 51 38 0 45 34 81 31 54 0 0 94 28 0 0 0 0 79 0 87 24 0 28 81 50 40 0 
68 51 38 0 45 34 81 31 54 0 0 94 28 0 0 0 0 79 0 87 24 0 28 81 50 40 0 
68 51 38 0 45 34 81 31 54 0 0 94 28 0 0 0 0 79 0 87 24 0 28 81 50 40 0 
68 51 38 0 45 34 81 31 54 0 0 94 28 0 0 0 0 79 0 87 24 0 28 81 50 40 0 
68 51 38 0 45 34 81 31 54 0 0 94 28 0 0 0 0 79 0 87 24 0 28 81 50 40 0 
68 51 38 0 45 34 81 31 54 0 0 94 28 0 0 0 0 79 0 87 24 0 28 81 50 40 0 
68 51 38 0 45 34 81 31 54 0 0 94 28 0 0 0 0 79 0 87 24 0 28 81 50 40 0 
68 51 38 0 45 34 81 31 54 0 0 94 28 0 0 0 0 79 0 87 24 0 28 81 50 40 0 
68 51 38 0 45 34 81 31 54 0 0 94 28 0 0 0 0 79 0 87 24 0 28 81 50 40 0 
68 51 38 0 45 34 81 31 54 0 0 94 28 0 0 0 0 79 0 87 24 0 28 81 50 40 0 
68 51 38 0 45 34 81 31 54 0 0 94 28 0 0 0 0 79 0 87 24 0 28 81 50 40 0 
68 51 38 0 0 34 81 31 54 0 0 94 28 0 0 0 0 79 0 87 24 0 28 81 50 40 0 
68 51 38 0 0 34 81 31 54 0 0 94 28 0 0 0 0 79 0 87 24 0 28 81 50 40 0 
68 51 38 0 0 34 81 31 54 0 0 94 28 0 0 0 0 79 0 87 24 0 28 81 50 40 0 
68 51 38 0 0 34 81 31 54 0 0 94 28 0 0 0 0 79 0 87 24 0 28 81 50 40 0 
68 51 38 0 0 34 81 31 54 0 0 94 28 0 0 0 0 79 0 87 24 0 28 81 50 40 0 
68 51 38 0 0 34 81 31 54 0 0 94 28 0 0 0 0 79 0 87 24 0 28 81 50 40 0 
68 51 38 0 0 34 81 31 54 0 0 94 28 0 0 0 0 79 0 87 24 0 28 81 50 40 0 
68 51 38 0 0 34 81 31 54 0 0 94 28 0 0 0 0 79 0 87 24 0 28 81 50 40 0 
68 51 38 0 0 34 81 31 54 0 0 94 28 0 0 0 0 79 0 87 24 0 28 81 50 40 0 
68 51 38 0 0 34 81 31 54 0 0 94 28 0 0 0 0 79 0 87 24 0 28 81 50 40 0 
68 51 38 0 0 34 81 31 54 0 0 94 28 0 0 0 0 79 0 87 24 0 28 81 50 40 0 
68 51 38 0 0 34 81 31 54 0 0 94 28 0 0 0 0 79 0 87 24 0 28 81 50 40 0 
68 51 38 0 0 34 81 31 54 0 0 94 28 0 0 0 0 79 0 87 24 0 28 81 50 40 0 
68 51 38 0 0 34 81 31 54 0 0 94 28 0 0 0 0 79 0 87 24 0 28 81 50 40 0 
68 51 38 0 0 34 81 31 54 0 0 94 28 0 0 0 0 79 0 87 24 0 28 81 50 40 0 
68 51 38 0 0 34 81 31 54 0 0 94 28 0 0 0 0 79 0 87 24 0 28 81 50 40 0 
68 51 38 0 0 34 81 31 54 0 0 94 28 0 0 0 0 79 0 87 24 0 28 81 50 40 0 
68 51 38 0 0 34 81 31 54 0 0 94 28 0 0 0 0 79 0 87 24 0 28 81 50 40 0 
68 51 38 0 0 34 81 31 54 0 0 94 28 0 0 0 0 79 0 87 24 0 28 81 50 40 0 
68 51 38 0 0 34 81 31 54 0 0 94 28 0 0 0 0 79 0 87 24 0 28 81 50 40 0 
68 51 38 0 0 34 0 31 54 0 0 94 28 0 0 0 0 79 0 87 24 0 28 81 50 40 0 
68 51 38 0 0 34 0 31 54 0 0 94 28 0 0 0 0 79 0 87 24 0 28 81 50 40 0 
68 51 38 0 0 34 0 31 54 0 0 94 28 0 0 0 0 79 0 87 24 0 28 81 50 40 0 
68 51 38 0 0 34 0 31 54 0 0 94 28 0 0 0 0 79 0 87 24 0 28 81 50 40 0 
68 51 38 0 0 34 0 31 54 0 0 94 28 0 0 0 0 79 0 87 24 0 28 81 50 40 0 
68 51 38 0 0 34 0 31 54 0 0 94 28 0 0 0 0 79 0 87 24 0 28 81 50 40 0 
68 51 38 0 0 34 0 31 54 0 0 94 28 0 0 0 0 79 0 87 24 0 28 81 50 40 0 
68 51 38 0 0 34 0 31 54 0 0 94 28 0 0 0 0 79 0 87 24 0 28 81 50 40 0 
68 51 38 0 0 34 0 31 54 0 0 94 28 0 0 0 0 79 0 87 24 0 28 81 50 40 0 
68 51 38 0 0 34 0 31 54 0 0 94 28 0 0 0 0 79 0 87 24 0 28 81 50 40 0 
68 51 0 0 0 34 0 31 54 0 0 94 28 0 0 0 0 79 0 87 24 0 28 81 50 40 0 
68 51 0 0 0 34 0 31 54 0 0 94 28 0 0 0 0 79 0 87 24 0 28 81 50 40 0 
68 51 0 0 0 34 0 31 54 0 0 94 28 0 0 0 0 79 0 87 24 0 28 81 50 40 0 
68 51 0 0 0 34 0 31 54 0 0 94 28 0 0 0 0 79 0 87 24 0 28 81 50 40 0 
68 51 0 0 0 34 0 31 54 0 0 94 28 0 0 0 0 79 0 87 24 0 28 81 50 40 0 
68 51 0 0 0 34 0 31 54 0 0 94 28 0 0 0 0 79 0 87 24 0 28 81 50 40 0 
68 51 0 0 0 34 0 31 54 0 0 94 28 0 0 0 0 79 0 87 24 0 28 81 50 40 0 
68 51 0 0 0 34 0 31 54 0 0 94 28 0 0 0 0 79 0 87 24 0 28 81 50 40 0 
68 51 0 0 0 34 0 31 54 0 0 94 28 0 0 0 0 79 0 87 24 0 28 81 50 40 0 
68 51 0 0 0 34 0 31 54 0 0 94 28 0 0 0 0 79 0 87 24 0 28 81 50 40 0 
68 51 0 0 0 34 0 31 0 0 0 94 28 0 0 0 0 79 0 87 24 0 28 81 34 40 0 
68 51 0 0 0 34 0 31 0 0 0 94 28 0 0 0 0 79 0 87 24 0 28 81 34 40 0 
68 51 0 0 0 34 0 31 0 0 0 94 28 0 0 0 0 79 0 87 24 0 28 81 34 40 0 
68 51 0 0 0 34 0 31 0 0 0 94 28 0 0 0 0 79 0 87 24 0 28 81 34 40 0 
68 51 0 0 0 34 0 31 0 0 0 94 28 0 0 0 0 79 0 87 24 0 28 81 34 40 0 
68 51 0 0 0 34 0 31 0 0 0 94 28 0 0 0 0 79 0 87 24 0 28 81 34 40 0 
68 51 0 0 0 34 0 31 0 0 0 94 28 0 0 0 0 79 0 87 24 0 28 81 34 40 0 
68 51 0 0 0 34 0 31 0 0 0 94 28 0 0 0 0 79 0 87 24 0 28 81 34 40 0 
68 51 0 0 0 34 0 31 0 0 0 94 28 0 0 0 0 79 0 87 24 0 28 81 34 40 0 
68 51 0 0 0 34 0 31 0 0 0 94 28 0 0 0 0 79 0 87 24 0 28 81 34 40 0 
68 51 0 0 0 34 0 31 0 0 0 94 28 0 0 0 0 79 0 87 24 0 28 81 34 40 0 
68 51 0 0 0 34 0 31 0 0 0 94 28 0 0 0 0 79 0 87 24 0 28 81 34 40 0 
68 51 0 0 0 34 0 31 0 0 0 94 28 0 0 0 0 79 0 87 24 0 28 81 34 40 0 
68 51 0 0 0 34 0 31 0 0 0 94 28 0 0 0 0 79 0 87 24 0 28 81 34 40 0 
68 51 0 0 0 34 0 31 0 0 0 94 28 0 0 0 0 79 0 87 24 0 28 81 34 40 0 
68 51 0 0 0 34 0 31 0 0 0 94 28 0 0 0 0 79 0 87 24 0 28 81 34 40 0 
68 51 0 0 0 34 0 31 0 0 0 94 28 0 0 0 0 79 0 87 24 0 28 81 34 40 0 
68 51 0 0 0 34 0 31 0 0 0 94 28 0 0 0 0 79 0 87 24 0 28 81 34 40 0 
68 51 0 0 0 34 0 31 0 0 0 94 28 0 0 0 0 79 0 87 24 0 28 81 34 40 0 
68 51 0 0 0 34 0 31 0 0 0 94 28 0 0 0 0 79 0 87 24 0 28 81 34 40 0 
68 51 0 0 0 34 0 31 0 0 0 94 28 0 0 0 0 79 0 87 24 0 28 81 34 40 0 
68 51 0 0 0 34 0 31 0 0 0 94 28 0 0 0 0 79 0 87 24 0 28 81 34 40 0 
68 51 0 0 0 34 0 31 0 0 0 94 28 0 0 0 0 79 0 87 24 0 28 81 34 40 0 
68 51 0 0 0 34 0 31 0 0 0 94 28 0 0 0 0 79 0 87 24 0 28 81 34 40 0 
68 51 0 0 0 34 0 31 0 0 0 94 28 0 0 0 0 79 0 87 24 0 28 81 34 40 0 
68 51 0 0 0 34 0 31 0 0 0 94 28 0 0 0 0 79 0 87 24 0 28 81 34 40 0 
68 51 0 0 0 34 0 31 0 0 0 94 28 0 0 0 0 79 0 87 24 0 28 81 34 40 0 
68 51 0 0 0 34 0 31 0 0 0 94 28 0 0 0 0 79 0 87 24 0 28 81 34 40 0 
68 51 0 0 0 34 0 31 0 0 0 94 28 0 0 0 0 79 0 87 24 0 28 81 34 40 0 
68 51 0 0 0 34 0 31 0 0 0 94 28 0 0 0 0 79 0 87 24 0 28 81 34 40 0 
68 51 0 0 0 0 0 31 0 0 0 94 28 0 0 0 0 79 0 0 24 0 28 81 34 40 0 
68 51 0 0 0 0 0 31 0 0 0 94 28 0 0 0 0 79 0 0 24 0 28 81 34 40 0 
68 51 0 0 0 0 0 31 0 0 0 94 28 0 0 0 0 79 0 0 24 0 28 81 34 40 0 
68 51 0 0 0 0 0 31 0 0 0 94 28 0 0 0 0 79 0 0 24 0 28 81 34 40 0 
68 51 0 0 0 0 0 31 0 0 0 94 28 0 0 0 0 79 0 0 24 0 28 81 34 40 0 
68 51 0 0 0 0 0 31 0 0 0 94 28 0 0 0 0 79 0 0 24 0 28 81 34 40 0 
68 51 0 0 0 0 0 31 0 0 0 94 28 0 0 0 0 79 0 0 24 0 28 81 34 40 0 
68 51 0 0 0 0 0 31 0 0 0 94 28 0 0 0 0 79 0 0 24 0 28 81 34 40 0 
68 51 0 0 0 0 0 31 0 0 0 94 28 0 0 0 0 79 0 0 24 0 28 81 34 40 0 
68 51 0 0 0 0 0 31 0 0 0 94 28 0 0 0 0 79 0 0 24 0 28 81 34 40 0 
0 54 0 0 0 0 0 31 0 0 0 94 28 0 0 0 0 79 0 0 24 0 28 81 34 40 0 
0 54 0 0 0 0 0 31 0 0 0 94 28 0 0 0 0 79 0 0 24 0 28 81 34 40 0 
0 54 0 0 0 0 0 31 0 0 0 94 28 0 0 0 0 79 0 0 24 0 28 81 34 40 0 
0 54 0 0 0 0 0 31 0 0 0 94 28 0 0 0 0 79 0 0 24 0 28 81 34 40 0 
0 54 0 0 0 0 0 31 0 0 0 94 28 0 0 0 0 79 0 0 24 0 28 81 34 40 0 
0 54 0 0 0 0 0 31 0 0 0 94 28 0 0 0 0 79 0 0 24 0 28 81 34 40 0 
0 54 0 0 0 0 0 31 0 0 0 94 28 0 0 0 0 79 0 0 24 0 28 81 34 40 0 
0 54 0 0 0 0 0 31 0 0 0 94 28 0 0 0 0 79 0 0 24 0 28 81 34 40 0 
0 54 0 0 0 0 0 31 0 0 0 94 28 0 0 0 0 79 0 0 24 0 28 81 34 40 0 
0 54 0 0 0 0 0 31 0 0 0 94 28 0 0 0 0 79 0 0 24 0 28 81 34 40 0 
0 54 0 0 0 0 0 31 0 0 0 0 28 0 0 0 0 79 0 0 24 0 28 81 34 0 0 
0 54 0 0 0 0 0 31 0 0 0 0 28 0 0 0 0 79 0 0 24 0 28 81 34 0 0 
0 54 0 0 0 0 0 31 0 0 0 0 28 0 0 0 0 79 0 0 24 0 28 81 34 0 0 
0 54 0 0 0 0 0 31 0 0 0 0 28 0 0 0 0 79 0 0 24 0 28 81 34 0 0 
0 54 0 0 0 0 0 31 0 0 0 0 28 0 0 0 0 79 0 0 24 0 28 81 34 0 0 
0 54 0 0 0 0 0 31 0 0 0 0 28 0 0 0 0 79 0 0 24 0 28 81 34 0 0 
0 54 0 0 0 0 0 31 0 0 0 0 28 0 0 0 0 79 0 0 24 0 28 81 34 0 0 
0 54 0 0 0 0 0 31 0 0 0 0 28 0 0 0 0 79 0 0 24 0 28 81 34 0 0 
0 54 0 0 0 0 0 31 0 0 0 0 28 0 0 0 0 79 0 0 24 0 28 81 34 0 0 
0 54 0 0 0 0 0 31 0 0 0 0 28 0 0 0 0 79 0 0 24 0 28 81 34 0 0 
0 0 0 0 0 0 0 31 0 0 0 0 28 0 0 0 0 79 0 0 24 0 0 81 0 0 0 
0 0 0 0 0 0 0 31 0 0 0 0 28 0 0 0 0 79 0 0 24 0 0 81 0 0 0 
0 0 0 0 0 0 0 31 0 0 0 0 28 0 0 0 0 79 0 0 24 0 0 81 0 0 0 
0 0 0 0 0 0 0 31 0 0 0 0 28 0 0 0 0 79 0 0 24 0 0 81 0 0 0 
0 0 0 0 0 0 0 31 0 0 0 0 28 0 0 0 0 79 0 0 24 0 0 81 0 0 0 
0 0 0 0 0 0 0 31 0 0 0 0 28 0 0 0 0 79 0 0 24 0 0 81 0 0 0 
0 0 0 0 0 0 0 31 0 0 0 0 28 0 0 0 0 79 0 0 24 0 0 81 0 0 0 
0 0 0 0 0 0 0 31 0 0 0 0 28 0 0 0 0 79 0 0 24 0 0 81 0 0 0 
0 0 0 0 0 0 0 31 0 0 0 0 28 0 0 0 0 79 0 0 24 0 0 81 0 0 0 
0 0 0 0 0 0 0 31 0 0 0 0 28 0 0 0 0 79 0 0 24 0 0 81 0 0 0 
0 0 0 0 0 0 0 31 0 0 0 0 28 0 0 0 0 79 0 0 0 0 0 81 0 0 0 
0 0 0 0 0 0 0 31 0 0 0 0 28 0 0 0 0 79 0 0 0 0 0 81 0 0 0 
0 0 0 0 0 0 0 31 0 0 0 0 28 0 0 0 0 79 0 0 0 0 0 81 0 0 0 
0 0 0 0 0 0 0 31 0 0 0 0 28 0 0 0 0 79 0 0 0 0 0 81 0 0 0 
0 0 0 0 0 0 0 31 0 0 0 0 28 0 0 0 0 79 0 0 0 0 0 81 0 0 0 
0 0 0 0 0 0 0 31 0 0 0 0 28 0 0 0 0 79 0 0 0 0 0 81 0 0 0 
0 0 0 0 0 0 0 31 0 0 0 0 28 0 0 0 0 79 0 0 0 0 0 81 0 0 0 
0 0 0 0 0 0 0 31 0 0 0 0 28 0 0 0 0 79 0 0 0 0 0 81 0 0 0 
0 0 0 0 0 0 0 31 0 0 0 0 28 0 0 0 0 79 0 0 0 0 0 81 0 0 0 
0 0 0 0 0 0 0 31 0 0 0 0 28 0 0 0 0 79 0 0 0 0 0 81 0 0 0 
0 0 0 0 0 0 0 0 0 0 0 0 0 0 0 0 0 0 0 0 0 0 0 0 0 0 0 
