PE_L1_1 PE_L1_2 PE_L1_3 PE_L1_4 PE_L1_5 PE_L1_6 PE_L1_7 PE_L1_8 PE_L1_9 PE_L2_1 PE_L2_2 PE_L2_3 PE_L2_4 PE_L2_5 PE_L2_6 PE_L2_7 PE_L2_8 PE_L2_9 PE_L3_1 PE_L3_2 PE_L3_3 PE_L3_4 PE_L3_5 PE_L3_6 PE_L3_7 PE_L3_8 PE_L3_9 
0 0 0 0 0 0 0 0 0 38 0 50 0 0 0 31 0 45 28 26 28 34 54 24 40 31 0 
0 0 0 0 0 0 0 0 0 38 0 50 0 0 0 31 0 45 28 26 28 34 54 24 40 31 0 
0 0 0 0 0 0 0 0 0 38 0 50 0 0 0 31 0 45 28 26 28 34 54 24 40 31 0 
0 0 0 0 0 0 0 0 0 38 0 50 0 0 0 31 0 45 28 26 28 34 54 24 40 31 0 
0 0 0 0 0 0 0 0 0 38 0 50 0 0 0 31 0 45 28 26 28 34 54 24 40 31 0 
0 0 0 0 0 0 0 0 0 38 0 50 0 0 0 31 0 45 28 26 28 34 54 24 40 31 0 
0 0 0 0 0 0 0 0 0 38 0 50 0 0 0 31 0 45 28 26 28 34 54 24 40 31 0 
0 0 0 0 0 0 0 0 0 38 0 50 0 0 0 31 0 45 28 26 28 34 54 24 40 31 0 
0 0 0 0 0 0 0 0 0 38 0 50 0 0 0 31 0 45 28 26 28 34 54 24 40 31 0 
0 0 0 0 0 0 0 0 0 38 0 50 0 0 0 31 0 45 28 26 28 34 54 24 40 31 0 
0 0 0 0 0 0 0 0 0 38 0 50 0 0 0 31 0 45 28 26 28 34 54 24 40 31 0 
0 0 0 0 0 0 0 0 0 38 0 50 0 0 0 31 0 45 28 26 28 34 54 24 40 31 0 
0 0 0 0 0 0 0 0 0 38 0 50 0 0 0 31 0 45 28 26 28 34 54 24 40 31 0 
0 0 0 0 0 0 0 0 0 38 0 50 0 0 0 31 0 45 28 26 28 34 54 24 40 31 0 
0 0 0 0 0 0 0 0 0 38 0 50 0 0 0 31 0 45 28 26 28 34 54 24 40 31 0 
0 0 0 0 0 0 0 0 0 38 0 50 0 0 0 31 0 45 28 26 28 34 54 24 40 31 0 
0 0 0 0 0 0 0 0 0 38 0 50 0 0 0 31 0 45 28 26 28 34 54 24 40 31 0 
0 0 0 0 0 0 0 0 0 38 0 50 0 0 0 31 0 45 28 26 28 34 54 24 40 31 0 
0 0 0 0 0 0 0 0 0 38 0 50 0 0 0 31 0 45 28 26 28 34 54 24 40 31 0 
0 0 0 0 0 0 0 0 0 38 0 50 0 0 0 31 0 45 28 26 28 34 54 24 40 31 0 
0 0 0 0 0 0 0 0 0 38 0 50 0 0 0 31 0 45 28 26 28 34 54 24 40 31 0 
0 0 0 0 0 0 0 0 0 38 0 50 0 0 0 31 0 45 28 26 28 34 54 24 40 31 0 
0 0 0 0 0 0 0 0 0 38 0 50 0 0 0 31 0 45 28 26 28 34 54 24 40 31 0 
0 0 0 0 0 0 0 0 0 38 0 50 0 0 0 31 0 45 28 26 28 34 54 24 40 31 0 
0 0 0 0 0 0 0 0 0 38 0 50 0 0 0 31 0 45 28 26 28 34 54 24 40 31 0 
0 0 0 0 0 0 0 0 0 38 0 50 0 0 0 31 0 45 28 26 28 34 54 24 40 31 0 
0 0 0 0 0 0 0 0 0 38 0 50 0 0 0 31 0 45 28 26 28 34 54 24 40 31 0 
0 0 0 0 0 0 0 0 0 38 0 50 0 0 0 31 0 45 28 26 28 34 54 24 40 31 0 
0 0 0 0 0 0 0 0 0 38 0 50 0 0 0 31 0 45 28 26 28 34 54 24 40 31 0 
0 0 0 0 0 0 0 0 0 38 0 50 0 0 0 31 0 45 28 26 28 34 54 24 40 31 0 
0 0 0 0 0 0 0 0 0 38 0 50 0 0 0 31 0 45 28 26 28 34 54 24 40 31 0 
0 0 0 0 0 0 0 0 0 38 0 50 0 0 0 31 0 45 28 26 28 34 54 24 40 31 0 
0 0 0 0 0 0 0 0 0 38 0 50 0 0 0 31 0 45 28 26 28 34 54 24 40 31 0 
0 0 0 0 0 0 0 0 0 38 0 50 0 0 0 31 0 45 28 26 28 34 54 24 40 31 0 
0 0 0 0 0 0 0 0 0 38 0 50 0 0 0 31 0 45 28 26 28 34 54 24 40 31 0 
0 0 0 0 0 0 0 0 0 38 0 50 0 0 0 31 0 45 28 26 28 34 54 24 40 31 0 
0 0 0 0 0 0 0 0 0 38 0 50 0 0 0 31 0 45 28 26 28 34 54 24 40 31 0 
0 0 0 0 0 0 0 0 0 38 0 50 0 0 0 31 0 45 28 26 28 34 54 24 40 31 0 
0 0 0 0 0 0 0 0 0 38 0 50 0 0 0 31 0 45 28 26 28 34 54 24 40 31 0 
0 0 0 0 0 0 0 0 0 38 0 50 0 0 0 31 0 45 28 26 28 34 54 24 40 31 0 
0 0 0 0 0 0 0 0 0 38 0 50 0 0 0 31 0 45 28 26 28 34 54 24 40 31 0 
0 0 0 0 0 0 0 0 0 38 0 50 0 0 0 31 0 45 28 26 28 34 54 24 40 31 0 
0 0 0 0 0 0 0 0 0 38 0 50 0 0 0 31 0 45 28 26 28 34 54 24 40 31 0 
0 0 0 0 0 0 0 0 0 38 0 50 0 0 0 31 0 45 28 26 28 34 54 24 40 31 0 
0 0 0 0 0 0 0 0 0 38 0 50 0 0 0 31 0 45 28 26 28 34 54 24 40 31 0 
0 0 0 0 0 0 0 0 0 38 0 50 0 0 0 31 0 45 28 26 28 34 54 24 40 31 0 
0 0 0 0 0 0 0 0 0 38 0 50 0 0 0 31 0 45 28 26 28 34 54 24 40 31 0 
0 0 0 0 0 0 0 0 0 38 0 50 0 0 0 31 0 45 28 26 28 34 54 24 40 31 0 
0 0 0 0 0 0 0 0 0 38 0 50 0 0 0 31 0 45 28 26 28 34 54 24 40 31 0 
0 0 0 0 0 0 0 0 0 38 0 50 0 0 0 31 0 45 28 26 28 34 54 24 40 31 0 
0 0 0 0 0 0 0 0 0 38 0 50 0 0 0 0 0 45 28 26 28 34 54 24 40 31 0 
0 0 0 0 0 0 0 0 0 38 0 50 0 0 0 0 0 45 28 26 28 34 54 24 40 31 0 
0 0 0 0 0 0 0 0 0 38 0 50 0 0 0 0 0 45 28 26 28 34 54 24 40 31 0 
0 0 0 0 0 0 0 0 0 38 0 50 0 0 0 0 0 45 28 26 28 34 54 24 40 31 0 
0 0 0 0 0 0 0 0 0 38 0 50 0 0 0 0 0 45 28 26 28 34 54 24 40 31 0 
0 0 0 0 0 0 0 0 0 38 0 50 0 0 0 0 0 45 28 26 28 34 54 24 40 31 0 
0 0 0 0 0 0 0 0 0 38 0 50 0 0 0 0 0 45 28 26 28 34 54 24 40 31 0 
0 0 0 0 0 0 0 0 0 38 0 50 0 0 0 0 0 45 28 26 28 34 54 24 40 31 0 
0 0 0 0 0 0 0 0 0 38 0 50 0 0 0 0 0 45 28 26 28 34 54 24 40 31 0 
0 0 0 0 0 0 0 0 0 38 0 50 0 0 0 0 0 45 28 26 28 34 54 24 40 31 0 
0 0 0 0 0 0 0 0 0 38 0 50 0 0 0 0 0 45 28 0 28 34 54 24 40 31 0 
0 0 0 0 0 0 0 0 0 38 0 50 0 0 0 0 0 45 28 0 28 34 54 24 40 31 0 
0 0 0 0 0 0 0 0 0 38 0 50 0 0 0 0 0 45 28 0 28 34 54 24 40 31 0 
0 0 0 0 0 0 0 0 0 38 0 50 0 0 0 0 0 45 28 0 28 34 54 24 40 31 0 
0 0 0 0 0 0 0 0 0 38 0 50 0 0 0 0 0 45 28 0 28 34 54 24 40 31 0 
0 0 0 0 0 0 0 0 0 38 0 50 0 0 0 0 0 45 28 0 28 34 54 24 40 31 0 
0 0 0 0 0 0 0 0 0 38 0 50 0 0 0 0 0 45 28 0 28 34 54 24 40 31 0 
0 0 0 0 0 0 0 0 0 38 0 50 0 0 0 0 0 45 28 0 28 34 54 24 40 31 0 
0 0 0 0 0 0 0 0 0 38 0 50 0 0 0 0 0 45 28 0 28 34 54 24 40 31 0 
0 0 0 0 0 0 0 0 0 38 0 50 0 0 0 0 0 45 28 0 28 34 54 24 40 31 0 
0 0 0 0 0 0 0 0 0 38 0 50 0 0 0 0 0 45 28 0 28 34 54 24 40 31 0 
0 0 0 0 0 0 0 0 0 38 0 50 0 0 0 0 0 45 28 0 28 34 54 24 40 31 0 
0 0 0 0 0 0 0 0 0 38 0 50 0 0 0 0 0 45 28 0 28 34 54 24 40 31 0 
0 0 0 0 0 0 0 0 0 38 0 50 0 0 0 0 0 45 28 0 28 34 54 24 40 31 0 
0 0 0 0 0 0 0 0 0 38 0 50 0 0 0 0 0 45 28 0 28 34 54 24 40 31 0 
0 0 0 0 0 0 0 0 0 38 0 50 0 0 0 0 0 45 28 0 28 34 54 24 40 31 0 
0 0 0 0 0 0 0 0 0 38 0 50 0 0 0 0 0 45 28 0 28 34 54 24 40 31 0 
0 0 0 0 0 0 0 0 0 38 0 50 0 0 0 0 0 45 28 0 28 34 54 24 40 31 0 
0 0 0 0 0 0 0 0 0 38 0 50 0 0 0 0 0 45 28 0 28 34 54 24 40 31 0 
0 0 0 0 0 0 0 0 0 38 0 50 0 0 0 0 0 45 28 0 28 34 54 24 40 31 0 
0 0 0 0 0 0 0 0 0 38 0 50 0 0 0 0 0 0 28 0 28 34 54 24 40 31 0 
0 0 0 0 0 0 0 0 0 38 0 50 0 0 0 0 0 0 28 0 28 34 54 24 40 31 0 
0 0 0 0 0 0 0 0 0 38 0 50 0 0 0 0 0 0 28 0 28 34 54 24 40 31 0 
0 0 0 0 0 0 0 0 0 38 0 50 0 0 0 0 0 0 28 0 28 34 54 24 40 31 0 
0 0 0 0 0 0 0 0 0 38 0 50 0 0 0 0 0 0 28 0 28 34 54 24 40 31 0 
0 0 0 0 0 0 0 0 0 38 0 50 0 0 0 0 0 0 28 0 28 34 54 24 40 31 0 
0 0 0 0 0 0 0 0 0 38 0 50 0 0 0 0 0 0 28 0 28 34 54 24 40 31 0 
0 0 0 0 0 0 0 0 0 38 0 50 0 0 0 0 0 0 28 0 28 34 54 24 40 31 0 
0 0 0 0 0 0 0 0 0 38 0 50 0 0 0 0 0 0 28 0 28 34 54 24 40 31 0 
0 0 0 0 0 0 0 0 0 38 0 50 0 0 0 0 0 0 28 0 28 34 54 24 40 31 0 
0 0 0 0 0 0 0 0 0 38 0 50 0 0 0 0 0 0 28 20 28 34 54 24 40 31 0 
0 0 0 0 0 0 0 0 0 38 0 50 0 0 0 0 0 0 28 20 28 34 54 24 40 31 0 
0 0 0 0 0 0 0 0 0 38 0 50 0 0 0 0 0 0 28 20 28 34 54 24 40 31 0 
0 0 0 0 0 0 0 0 0 38 0 50 0 0 0 0 0 0 28 20 28 34 54 24 40 31 0 
0 0 0 0 0 0 0 0 0 38 0 50 0 0 0 0 0 0 28 20 28 34 54 24 40 31 0 
0 0 0 0 0 0 0 0 0 38 0 50 0 0 0 0 0 0 28 20 28 34 54 24 40 31 0 
0 0 0 0 0 0 0 0 0 38 0 50 0 0 0 0 0 0 28 20 28 34 54 24 40 31 0 
0 0 0 0 0 0 0 0 0 38 0 50 0 0 0 0 0 0 28 20 28 34 54 24 40 31 0 
0 0 0 0 0 0 0 0 0 38 0 50 0 0 0 0 0 0 28 20 28 34 54 24 40 31 0 
0 0 0 0 0 0 0 0 0 38 0 50 0 0 0 0 0 0 28 20 28 34 54 24 40 31 0 
0 0 0 0 0 0 0 0 0 38 0 50 0 0 0 0 0 0 28 20 28 34 54 24 40 31 0 
0 0 0 0 0 0 0 0 0 38 0 50 0 0 0 0 0 0 28 20 28 34 54 24 40 31 0 
0 0 0 0 0 0 0 0 0 38 0 50 0 0 0 0 0 0 28 20 28 34 54 24 40 31 0 
0 0 0 0 0 0 0 0 0 38 0 50 0 0 0 0 0 0 28 20 28 34 54 24 40 31 0 
0 0 0 0 0 0 0 0 0 38 0 50 0 0 0 0 0 0 28 20 28 34 54 24 40 31 0 
0 0 0 0 0 0 0 0 0 38 0 50 0 0 0 0 0 0 28 20 28 34 54 24 40 31 0 
0 0 0 0 0 0 0 0 0 38 0 50 0 0 0 0 0 0 28 20 28 34 54 24 40 31 0 
0 0 0 0 0 0 0 0 0 38 0 50 0 0 0 0 0 0 28 20 28 34 54 24 40 31 0 
0 0 0 0 0 0 0 0 0 38 0 50 0 0 0 0 0 0 28 20 28 34 54 24 40 31 0 
0 0 0 0 0 0 0 0 0 38 0 50 0 0 0 0 0 0 28 20 28 34 54 24 40 31 0 
0 0 0 0 0 0 0 0 0 0 0 50 0 0 0 0 0 0 28 20 28 34 54 24 40 31 0 
0 0 0 0 0 0 0 0 0 0 0 50 0 0 0 0 0 0 28 20 28 34 54 24 40 31 0 
0 0 0 0 0 0 0 0 0 0 0 50 0 0 0 0 0 0 28 20 28 34 54 24 40 31 0 
0 0 0 0 0 0 0 0 0 0 0 50 0 0 0 0 0 0 28 20 28 34 54 24 40 31 0 
0 0 0 0 0 0 0 0 0 0 0 50 0 0 0 0 0 0 28 20 28 34 54 24 40 31 0 
0 0 0 0 0 0 0 0 0 0 0 50 0 0 0 0 0 0 28 20 28 34 54 24 40 31 0 
0 0 0 0 0 0 0 0 0 0 0 50 0 0 0 0 0 0 28 20 28 34 54 24 40 31 0 
0 0 0 0 0 0 0 0 0 0 0 50 0 0 0 0 0 0 28 20 28 34 54 24 40 31 0 
0 0 0 0 0 0 0 0 0 0 0 50 0 0 0 0 0 0 28 20 28 34 54 24 40 31 0 
0 0 0 0 0 0 0 0 0 0 0 50 0 0 0 0 0 0 28 20 28 34 54 24 40 31 0 
0 0 0 0 0 0 0 0 0 0 0 0 0 0 0 0 0 0 28 79 28 34 81 24 40 31 94 
0 0 0 0 0 0 0 0 0 0 0 0 0 0 0 0 0 0 28 79 28 34 81 24 40 31 94 
0 0 0 0 0 0 0 0 0 0 0 0 0 0 0 0 0 0 28 79 28 34 81 24 40 31 94 
0 0 0 0 0 0 0 0 0 0 0 0 0 0 0 0 0 0 28 79 28 34 81 24 40 31 94 
0 0 0 0 0 0 0 0 0 0 0 0 0 0 0 0 0 0 28 79 28 34 81 24 40 31 94 
0 0 0 0 0 0 0 0 0 0 0 0 0 0 0 0 0 0 28 79 28 34 81 24 40 31 94 
0 0 0 0 0 0 0 0 0 0 0 0 0 0 0 0 0 0 28 79 28 34 81 24 40 31 94 
0 0 0 0 0 0 0 0 0 0 0 0 0 0 0 0 0 0 28 79 28 34 81 24 40 31 94 
0 0 0 0 0 0 0 0 0 0 0 0 0 0 0 0 0 0 28 79 28 34 81 24 40 31 94 
0 0 0 0 0 0 0 0 0 0 0 0 0 0 0 0 0 0 28 79 28 34 81 24 40 31 94 
0 0 0 0 0 0 0 0 0 0 0 0 0 0 0 0 0 0 28 79 28 34 81 24 40 31 94 
0 0 0 0 0 0 0 0 0 0 0 0 0 0 0 0 0 0 28 79 28 34 81 24 40 31 94 
0 0 0 0 0 0 0 0 0 0 0 0 0 0 0 0 0 0 28 79 28 34 81 24 40 31 94 
0 0 0 0 0 0 0 0 0 0 0 0 0 0 0 0 0 0 28 79 28 34 81 24 40 31 94 
0 0 0 0 0 0 0 0 0 0 0 0 0 0 0 0 0 0 28 79 28 34 81 24 40 31 94 
0 0 0 0 0 0 0 0 0 0 0 0 0 0 0 0 0 0 28 79 28 34 81 24 40 31 94 
0 0 0 0 0 0 0 0 0 0 0 0 0 0 0 0 0 0 28 79 28 34 81 24 40 31 94 
0 0 0 0 0 0 0 0 0 0 0 0 0 0 0 0 0 0 28 79 28 34 81 24 40 31 94 
0 0 0 0 0 0 0 0 0 0 0 0 0 0 0 0 0 0 28 79 28 34 81 24 40 31 94 
0 0 0 0 0 0 0 0 0 0 0 0 0 0 0 0 0 0 28 79 28 34 81 24 40 31 94 
0 0 0 0 0 0 0 0 0 0 0 0 0 0 0 0 0 0 28 79 28 34 81 24 40 31 94 
0 0 0 0 0 0 0 0 0 0 0 0 0 0 0 0 0 0 28 79 28 34 81 24 40 31 94 
0 0 0 0 0 0 0 0 0 0 0 0 0 0 0 0 0 0 28 79 28 34 81 24 40 31 94 
0 0 0 0 0 0 0 0 0 0 0 0 0 0 0 0 0 0 28 79 28 34 81 24 40 31 94 
0 0 0 0 0 0 0 0 0 0 0 0 0 0 0 0 0 0 28 79 28 34 81 24 40 31 94 
0 0 0 0 0 0 0 0 0 0 0 0 0 0 0 0 0 0 28 79 28 34 81 24 40 31 94 
0 0 0 0 0 0 0 0 0 0 0 0 0 0 0 0 0 0 28 79 28 34 81 24 40 31 94 
0 0 0 0 0 0 0 0 0 0 0 0 0 0 0 0 0 0 28 79 28 34 81 24 40 31 94 
0 0 0 0 0 0 0 0 0 0 0 0 0 0 0 0 0 0 28 79 28 34 81 24 40 31 94 
0 0 0 0 0 0 0 0 0 0 0 0 0 0 0 0 0 0 28 79 28 34 81 24 40 31 94 
0 0 0 0 0 0 0 0 0 0 0 0 0 0 0 0 0 0 64 79 28 23 81 24 40 31 94 
0 0 0 0 0 0 0 0 0 0 0 0 0 0 0 0 0 0 64 79 28 23 81 24 40 31 94 
0 0 0 0 0 0 0 0 0 0 0 0 0 0 0 0 0 0 64 79 28 23 81 24 40 31 94 
0 0 0 0 0 0 0 0 0 0 0 0 0 0 0 0 0 0 64 79 28 23 81 24 40 31 94 
0 0 0 0 0 0 0 0 0 0 0 0 0 0 0 0 0 0 64 79 28 23 81 24 40 31 94 
0 0 0 0 0 0 0 0 0 0 0 0 0 0 0 0 0 0 64 79 28 23 81 24 40 31 94 
0 0 0 0 0 0 0 0 0 0 0 0 0 0 0 0 0 0 64 79 28 23 81 24 40 31 94 
0 0 0 0 0 0 0 0 0 0 0 0 0 0 0 0 0 0 64 79 28 23 81 24 40 31 94 
0 0 0 0 0 0 0 0 0 0 0 0 0 0 0 0 0 0 64 79 28 23 81 24 40 31 94 
0 0 0 0 0 0 0 0 0 0 0 0 0 0 0 0 0 0 64 79 28 23 81 24 40 31 94 
0 0 0 0 0 0 0 0 0 0 0 0 0 0 0 0 0 0 51 79 28 68 81 24 31 31 94 
0 0 0 0 0 0 0 0 0 0 0 0 0 0 0 0 0 0 51 79 28 68 81 24 31 31 94 
0 0 0 0 0 0 0 0 0 0 0 0 0 0 0 0 0 0 51 79 28 68 81 24 31 31 94 
0 0 0 0 0 0 0 0 0 0 0 0 0 0 0 0 0 0 51 79 28 68 81 24 31 31 94 
0 0 0 0 0 0 0 0 0 0 0 0 0 0 0 0 0 0 51 79 28 68 81 24 31 31 94 
0 0 0 0 0 0 0 0 0 0 0 0 0 0 0 0 0 0 51 79 28 68 81 24 31 31 94 
0 0 0 0 0 0 0 0 0 0 0 0 0 0 0 0 0 0 51 79 28 68 81 24 31 31 94 
0 0 0 0 0 0 0 0 0 0 0 0 0 0 0 0 0 0 51 79 28 68 81 24 31 31 94 
0 0 0 0 0 0 0 0 0 0 0 0 0 0 0 0 0 0 51 79 28 68 81 24 31 31 94 
0 0 0 0 0 0 0 0 0 0 0 0 0 0 0 0 0 0 51 79 28 68 81 24 31 31 94 
0 0 0 0 0 0 0 0 0 0 0 0 0 0 0 0 0 0 51 79 28 68 81 24 87 31 94 
0 0 0 0 0 0 0 0 0 0 0 0 0 0 0 0 0 0 51 79 28 68 81 24 87 31 94 
0 0 0 0 0 0 0 0 0 0 0 0 0 0 0 0 0 0 51 79 28 68 81 24 87 31 94 
0 0 0 0 0 0 0 0 0 0 0 0 0 0 0 0 0 0 51 79 28 68 81 24 87 31 94 
0 0 0 0 0 0 0 0 0 0 0 0 0 0 0 0 0 0 51 79 28 68 81 24 87 31 94 
0 0 0 0 0 0 0 0 0 0 0 0 0 0 0 0 0 0 51 79 28 68 81 24 87 31 94 
0 0 0 0 0 0 0 0 0 0 0 0 0 0 0 0 0 0 51 79 28 68 81 24 87 31 94 
0 0 0 0 0 0 0 0 0 0 0 0 0 0 0 0 0 0 51 79 28 68 81 24 87 31 94 
0 0 0 0 0 0 0 0 0 0 0 0 0 0 0 0 0 0 51 79 28 68 81 24 87 31 94 
0 0 0 0 0 0 0 0 0 0 0 0 0 0 0 0 0 0 51 79 28 68 81 24 87 31 94 
0 0 0 0 0 0 0 0 0 0 0 0 0 0 0 0 0 0 51 79 54 68 81 24 87 31 94 
0 0 0 0 0 0 0 0 0 0 0 0 0 0 0 0 0 0 51 79 54 68 81 24 87 31 94 
0 0 0 0 0 0 0 0 0 0 0 0 0 0 0 0 0 0 51 79 54 68 81 24 87 31 94 
0 0 0 0 0 0 0 0 0 0 0 0 0 0 0 0 0 0 51 79 54 68 81 24 87 31 94 
0 0 0 0 0 0 0 0 0 0 0 0 0 0 0 0 0 0 51 79 54 68 81 24 87 31 94 
0 0 0 0 0 0 0 0 0 0 0 0 0 0 0 0 0 0 51 79 54 68 81 24 87 31 94 
0 0 0 0 0 0 0 0 0 0 0 0 0 0 0 0 0 0 51 79 54 68 81 24 87 31 94 
0 0 0 0 0 0 0 0 0 0 0 0 0 0 0 0 0 0 51 79 54 68 81 24 87 31 94 
0 0 0 0 0 0 0 0 0 0 0 0 0 0 0 0 0 0 51 79 54 68 81 24 87 31 94 
0 0 0 0 0 0 0 0 0 0 0 0 0 0 0 0 0 0 51 79 54 68 81 24 87 31 94 
0 0 0 0 0 0 0 0 0 0 0 0 0 0 0 0 0 0 51 79 54 68 81 95 87 31 94 
0 0 0 0 0 0 0 0 0 0 0 0 0 0 0 0 0 0 51 79 54 68 81 95 87 31 94 
0 0 0 0 0 0 0 0 0 0 0 0 0 0 0 0 0 0 51 79 54 68 81 95 87 31 94 
0 0 0 0 0 0 0 0 0 0 0 0 0 0 0 0 0 0 51 79 54 68 81 95 87 31 94 
0 0 0 0 0 0 0 0 0 0 0 0 0 0 0 0 0 0 51 79 54 68 81 95 87 31 94 
0 0 0 0 0 0 0 0 0 0 0 0 0 0 0 0 0 0 51 79 54 68 81 95 87 31 94 
0 0 0 0 0 0 0 0 0 0 0 0 0 0 0 0 0 0 51 79 54 68 81 95 87 31 94 
0 0 0 0 0 0 0 0 0 0 0 0 0 0 0 0 0 0 51 79 54 68 81 95 87 31 94 
0 0 0 0 0 0 0 0 0 0 0 0 0 0 0 0 0 0 51 79 54 68 81 95 87 31 94 
0 0 0 0 0 0 0 0 0 0 0 0 0 0 0 0 0 0 51 79 54 68 81 95 87 31 94 
0 0 0 0 0 0 0 0 0 0 0 0 0 0 0 0 0 0 51 79 32 68 81 95 87 85 94 
0 0 0 0 0 0 0 0 0 0 0 0 0 0 0 0 0 0 51 79 32 68 81 95 87 85 94 
0 0 0 0 0 0 0 0 0 0 0 0 0 0 0 0 0 0 51 79 32 68 81 95 87 85 94 
0 0 0 0 0 0 0 0 0 0 0 0 0 0 0 0 0 0 51 79 32 68 81 95 87 85 94 
0 0 0 0 0 0 0 0 0 0 0 0 0 0 0 0 0 0 51 79 32 68 81 95 87 85 94 
0 0 0 0 0 0 0 0 0 0 0 0 0 0 0 0 0 0 51 79 32 68 81 95 87 85 94 
0 0 0 0 0 0 0 0 0 0 0 0 0 0 0 0 0 0 51 79 32 68 81 95 87 85 94 
0 0 0 0 0 0 0 0 0 0 0 0 0 0 0 0 0 0 51 79 32 68 81 95 87 85 94 
0 0 0 0 0 0 0 0 0 0 0 0 0 0 0 0 0 0 51 79 32 68 81 95 87 85 94 
0 0 0 0 0 0 0 0 0 0 0 0 0 0 0 0 0 0 51 79 32 68 81 95 87 85 94 
0 0 0 0 0 0 0 0 0 0 0 0 0 0 0 0 0 0 51 79 32 68 81 95 87 0 94 
0 0 0 0 0 0 0 0 0 0 0 0 0 0 0 0 0 0 51 79 32 68 81 95 87 0 94 
0 0 0 0 0 0 0 0 0 0 0 0 0 0 0 0 0 0 51 79 32 68 81 95 87 0 94 
0 0 0 0 0 0 0 0 0 0 0 0 0 0 0 0 0 0 51 79 32 68 81 95 87 0 94 
0 0 0 0 0 0 0 0 0 0 0 0 0 0 0 0 0 0 51 79 32 68 81 95 87 0 94 
0 0 0 0 0 0 0 0 0 0 0 0 0 0 0 0 0 0 51 79 32 68 81 95 87 0 94 
0 0 0 0 0 0 0 0 0 0 0 0 0 0 0 0 0 0 51 79 32 68 81 95 87 0 94 
0 0 0 0 0 0 0 0 0 0 0 0 0 0 0 0 0 0 51 79 32 68 81 95 87 0 94 
0 0 0 0 0 0 0 0 0 0 0 0 0 0 0 0 0 0 51 79 32 68 81 95 87 0 94 
0 0 0 0 0 0 0 0 0 0 0 0 0 0 0 0 0 0 51 79 32 68 81 95 87 0 94 
0 0 0 0 0 0 0 0 0 0 0 0 0 0 0 0 0 0 51 79 32 68 81 0 87 81 94 
0 0 0 0 0 0 0 0 0 0 0 0 0 0 0 0 0 0 51 79 32 68 81 0 87 81 94 
0 0 0 0 0 0 0 0 0 0 0 0 0 0 0 0 0 0 51 79 32 68 81 0 87 81 94 
0 0 0 0 0 0 0 0 0 0 0 0 0 0 0 0 0 0 51 79 32 68 81 0 87 81 94 
0 0 0 0 0 0 0 0 0 0 0 0 0 0 0 0 0 0 51 79 32 68 81 0 87 81 94 
0 0 0 0 0 0 0 0 0 0 0 0 0 0 0 0 0 0 51 79 32 68 81 0 87 81 94 
0 0 0 0 0 0 0 0 0 0 0 0 0 0 0 0 0 0 51 79 32 68 81 0 87 81 94 
0 0 0 0 0 0 0 0 0 0 0 0 0 0 0 0 0 0 51 79 32 68 81 0 87 81 94 
0 0 0 0 0 0 0 0 0 0 0 0 0 0 0 0 0 0 51 79 32 68 81 0 87 81 94 
0 0 0 0 0 0 0 0 0 0 0 0 0 0 0 0 0 0 51 79 32 68 81 0 87 81 94 
0 0 0 0 0 0 0 0 0 0 0 0 0 0 0 0 0 0 51 79 89 68 81 0 87 81 94 
0 0 0 0 0 0 0 0 0 0 0 0 0 0 0 0 0 0 51 79 89 68 81 0 87 81 94 
0 0 0 0 0 0 0 0 0 0 0 0 0 0 0 0 0 0 51 79 89 68 81 0 87 81 94 
0 0 0 0 0 0 0 0 0 0 0 0 0 0 0 0 0 0 51 79 89 68 81 0 87 81 94 
0 0 0 0 0 0 0 0 0 0 0 0 0 0 0 0 0 0 51 79 89 68 81 0 87 81 94 
0 0 0 0 0 0 0 0 0 0 0 0 0 0 0 0 0 0 51 79 89 68 81 0 87 81 94 
0 0 0 0 0 0 0 0 0 0 0 0 0 0 0 0 0 0 51 79 89 68 81 0 87 81 94 
0 0 0 0 0 0 0 0 0 0 0 0 0 0 0 0 0 0 51 79 89 68 81 0 87 81 94 
0 0 0 0 0 0 0 0 0 0 0 0 0 0 0 0 0 0 51 79 89 68 81 0 87 81 94 
0 0 0 0 0 0 0 0 0 0 0 0 0 0 0 0 0 0 51 79 89 68 81 0 87 81 94 
0 0 0 0 0 0 0 0 0 0 0 0 0 0 0 0 0 0 51 79 89 68 81 0 87 81 94 
0 0 0 0 0 0 0 0 0 0 0 0 0 0 0 0 0 0 51 79 89 68 81 0 87 81 94 
0 0 0 0 0 0 0 0 0 0 0 0 0 0 0 0 0 0 51 79 89 68 81 0 87 81 94 
0 0 0 0 0 0 0 0 0 0 0 0 0 0 0 0 0 0 51 79 89 68 81 0 87 81 94 
0 0 0 0 0 0 0 0 0 0 0 0 0 0 0 0 0 0 51 79 89 68 81 0 87 81 94 
0 0 0 0 0 0 0 0 0 0 0 0 0 0 0 0 0 0 51 79 89 68 81 0 87 81 94 
0 0 0 0 0 0 0 0 0 0 0 0 0 0 0 0 0 0 51 79 89 68 81 0 87 81 94 
0 0 0 0 0 0 0 0 0 0 0 0 0 0 0 0 0 0 51 79 89 68 81 0 87 81 94 
0 0 0 0 0 0 0 0 0 0 0 0 0 0 0 0 0 0 51 79 89 68 81 0 87 81 94 
0 0 0 0 0 0 0 0 0 0 0 0 0 0 0 0 0 0 51 79 89 68 81 0 87 81 94 
0 0 0 0 0 0 0 0 0 0 0 0 0 0 0 0 0 0 51 79 89 68 81 0 87 81 94 
0 0 0 0 0 0 0 0 0 0 0 0 0 0 0 0 0 0 51 79 89 68 81 0 87 81 94 
0 0 0 0 0 0 0 0 0 0 0 0 0 0 0 0 0 0 51 79 89 68 81 0 87 81 94 
0 0 0 0 0 0 0 0 0 0 0 0 0 0 0 0 0 0 51 79 89 68 81 0 87 81 94 
0 0 0 0 0 0 0 0 0 0 0 0 0 0 0 0 0 0 51 79 89 68 81 0 87 81 94 
0 0 0 0 0 0 0 0 0 0 0 0 0 0 0 0 0 0 51 79 89 68 81 0 87 81 94 
0 0 0 0 0 0 0 0 0 0 0 0 0 0 0 0 0 0 51 79 89 68 81 0 87 81 94 
0 0 0 0 0 0 0 0 0 0 0 0 0 0 0 0 0 0 51 79 89 68 81 0 87 81 94 
0 0 0 0 0 0 0 0 0 0 0 0 0 0 0 0 0 0 51 79 89 68 81 0 87 81 94 
0 0 0 0 0 0 0 0 0 0 0 0 0 0 0 0 0 0 51 79 89 68 81 0 87 81 94 
0 0 0 0 0 0 0 0 0 0 0 0 0 0 0 0 0 0 51 79 0 68 81 34 87 81 94 
0 0 0 0 0 0 0 0 0 0 0 0 0 0 0 0 0 0 51 79 0 68 81 34 87 81 94 
0 0 0 0 0 0 0 0 0 0 0 0 0 0 0 0 0 0 51 79 0 68 81 34 87 81 94 
0 0 0 0 0 0 0 0 0 0 0 0 0 0 0 0 0 0 51 79 0 68 81 34 87 81 94 
0 0 0 0 0 0 0 0 0 0 0 0 0 0 0 0 0 0 51 79 0 68 81 34 87 81 94 
0 0 0 0 0 0 0 0 0 0 0 0 0 0 0 0 0 0 51 79 0 68 81 34 87 81 94 
0 0 0 0 0 0 0 0 0 0 0 0 0 0 0 0 0 0 51 79 0 68 81 34 87 81 94 
0 0 0 0 0 0 0 0 0 0 0 0 0 0 0 0 0 0 51 79 0 68 81 34 87 81 94 
0 0 0 0 0 0 0 0 0 0 0 0 0 0 0 0 0 0 51 79 0 68 81 34 87 81 94 
0 0 0 0 0 0 0 0 0 0 0 0 0 0 0 0 0 0 51 79 0 68 81 34 87 81 94 
0 0 0 0 0 0 0 0 0 0 0 0 0 0 0 0 0 0 51 79 0 68 81 34 87 81 94 
0 0 0 0 0 0 0 0 0 0 0 0 0 0 0 0 0 0 51 79 0 68 81 34 87 81 94 
0 0 0 0 0 0 0 0 0 0 0 0 0 0 0 0 0 0 51 79 0 68 81 34 87 81 94 
0 0 0 0 0 0 0 0 0 0 0 0 0 0 0 0 0 0 51 79 0 68 81 34 87 81 94 
0 0 0 0 0 0 0 0 0 0 0 0 0 0 0 0 0 0 51 79 0 68 81 34 87 81 94 
0 0 0 0 0 0 0 0 0 0 0 0 0 0 0 0 0 0 51 79 0 68 81 34 87 81 94 
0 0 0 0 0 0 0 0 0 0 0 0 0 0 0 0 0 0 51 79 0 68 81 34 87 81 94 
0 0 0 0 0 0 0 0 0 0 0 0 0 0 0 0 0 0 51 79 0 68 81 34 87 81 94 
0 0 0 0 0 0 0 0 0 0 0 0 0 0 0 0 0 0 51 79 0 68 81 34 87 81 94 
0 0 0 0 0 0 0 0 0 0 0 0 0 0 0 0 0 0 51 79 0 68 81 34 87 81 94 
0 0 0 0 0 0 0 0 0 0 0 0 0 0 0 0 0 0 51 79 0 68 81 34 87 81 94 
0 0 0 0 0 0 0 0 0 0 0 0 0 0 0 0 0 0 51 79 0 68 81 34 87 81 94 
0 0 0 0 0 0 0 0 0 0 0 0 0 0 0 0 0 0 51 79 0 68 81 34 87 81 94 
0 0 0 0 0 0 0 0 0 0 0 0 0 0 0 0 0 0 51 79 0 68 81 34 87 81 94 
0 0 0 0 0 0 0 0 0 0 0 0 0 0 0 0 0 0 51 79 0 68 81 34 87 81 94 
0 0 0 0 0 0 0 0 0 0 0 0 0 0 0 0 0 0 51 79 0 68 81 34 87 81 94 
0 0 0 0 0 0 0 0 0 0 0 0 0 0 0 0 0 0 51 79 0 68 81 34 87 81 94 
0 0 0 0 0 0 0 0 0 0 0 0 0 0 0 0 0 0 51 79 0 68 81 34 87 81 94 
0 0 0 0 0 0 0 0 0 0 0 0 0 0 0 0 0 0 51 79 0 68 81 34 87 81 94 
0 0 0 0 0 0 0 0 0 0 0 0 0 0 0 0 0 0 51 79 0 68 81 34 87 81 94 
0 0 0 0 0 0 0 0 0 0 0 0 0 0 0 0 0 0 51 79 0 68 81 34 87 81 91 
0 0 0 0 0 0 0 0 0 0 0 0 0 0 0 0 0 0 51 79 0 68 81 34 87 81 91 
0 0 0 0 0 0 0 0 0 0 0 0 0 0 0 0 0 0 51 79 0 68 81 34 87 81 91 
0 0 0 0 0 0 0 0 0 0 0 0 0 0 0 0 0 0 51 79 0 68 81 34 87 81 91 
0 0 0 0 0 0 0 0 0 0 0 0 0 0 0 0 0 0 51 79 0 68 81 34 87 81 91 
0 0 0 0 0 0 0 0 0 0 0 0 0 0 0 0 0 0 51 79 0 68 81 34 87 81 91 
0 0 0 0 0 0 0 0 0 0 0 0 0 0 0 0 0 0 51 79 0 68 81 34 87 81 91 
0 0 0 0 0 0 0 0 0 0 0 0 0 0 0 0 0 0 51 79 0 68 81 34 87 81 91 
0 0 0 0 0 0 0 0 0 0 0 0 0 0 0 0 0 0 51 79 0 68 81 34 87 81 91 
0 0 0 0 0 0 0 0 0 0 0 0 0 0 0 0 0 0 51 79 0 68 81 34 87 81 91 
0 0 0 0 0 0 0 0 0 0 0 0 0 0 0 0 0 0 51 79 0 68 81 34 87 81 91 
0 0 0 0 0 0 0 0 0 0 0 0 0 0 0 0 0 0 51 79 0 68 81 34 87 81 91 
0 0 0 0 0 0 0 0 0 0 0 0 0 0 0 0 0 0 51 79 0 68 81 34 87 81 91 
0 0 0 0 0 0 0 0 0 0 0 0 0 0 0 0 0 0 51 79 0 68 81 34 87 81 91 
0 0 0 0 0 0 0 0 0 0 0 0 0 0 0 0 0 0 51 79 0 68 81 34 87 81 91 
0 0 0 0 0 0 0 0 0 0 0 0 0 0 0 0 0 0 51 79 0 68 81 34 87 81 91 
0 0 0 0 0 0 0 0 0 0 0 0 0 0 0 0 0 0 51 79 0 68 81 34 87 81 91 
0 0 0 0 0 0 0 0 0 0 0 0 0 0 0 0 0 0 51 79 0 68 81 34 87 81 91 
0 0 0 0 0 0 0 0 0 0 0 0 0 0 0 0 0 0 51 79 0 68 81 34 87 81 91 
0 0 0 0 0 0 0 0 0 0 0 0 0 0 0 0 0 0 51 79 0 68 81 34 87 81 91 
0 0 0 0 0 0 0 0 0 0 0 0 0 0 0 0 0 0 51 79 84 68 81 34 87 81 91 
0 0 0 0 0 0 0 0 0 0 0 0 0 0 0 0 0 0 51 79 84 68 81 34 87 81 91 
0 0 0 0 0 0 0 0 0 0 0 0 0 0 0 0 0 0 51 79 84 68 81 34 87 81 91 
0 0 0 0 0 0 0 0 0 0 0 0 0 0 0 0 0 0 51 79 84 68 81 34 87 81 91 
0 0 0 0 0 0 0 0 0 0 0 0 0 0 0 0 0 0 51 79 84 68 81 34 87 81 91 
0 0 0 0 0 0 0 0 0 0 0 0 0 0 0 0 0 0 51 79 84 68 81 34 87 81 91 
0 0 0 0 0 0 0 0 0 0 0 0 0 0 0 0 0 0 51 79 84 68 81 34 87 81 91 
0 0 0 0 0 0 0 0 0 0 0 0 0 0 0 0 0 0 51 79 84 68 81 34 87 81 91 
0 0 0 0 0 0 0 0 0 0 0 0 0 0 0 0 0 0 51 79 84 68 81 34 87 81 91 
0 0 0 0 0 0 0 0 0 0 0 0 0 0 0 0 0 0 51 79 84 68 81 34 87 81 91 
0 0 0 0 0 0 0 0 0 0 0 0 0 0 0 0 0 0 0 0 0 0 0 0 0 0 0 
