PE_L1_1 PE_L1_2 PE_L1_3 PE_L1_4 PE_L1_5 PE_L1_6 PE_L1_7 PE_L1_8 PE_L1_9 PE_L2_1 PE_L2_2 PE_L2_3 PE_L2_4 PE_L2_5 PE_L2_6 PE_L2_7 PE_L2_8 PE_L2_9 PE_L3_1 PE_L3_2 PE_L3_3 PE_L3_4 PE_L3_5 PE_L3_6 PE_L3_7 PE_L3_8 PE_L3_9 
76 81 83 75 74 82 0 85 80 78 0 78 76 74 76 81 75 87 85 75 80 82 73 80 76 80 0 
76 81 83 75 74 82 0 85 80 78 0 78 76 74 76 81 75 87 85 75 80 82 73 80 76 80 0 
76 81 83 75 74 82 0 85 80 78 0 78 76 74 76 81 75 87 85 75 80 82 73 80 76 80 0 
76 81 83 75 74 82 0 85 80 78 0 78 76 74 76 81 75 87 85 75 80 82 73 80 76 80 0 
76 81 83 75 74 82 0 85 80 78 0 78 76 74 76 81 75 87 85 75 80 82 73 80 76 80 0 
76 81 83 75 74 82 0 85 80 78 0 78 76 74 76 81 75 87 85 75 80 82 73 80 76 80 0 
76 81 83 75 74 82 0 85 80 78 0 78 76 74 76 81 75 87 85 75 80 82 73 80 76 80 0 
76 81 83 75 74 82 0 85 80 78 0 78 76 74 76 81 75 87 85 75 80 82 73 80 76 80 0 
76 81 83 75 74 82 0 85 80 78 0 78 76 74 76 81 75 87 85 75 80 82 73 80 76 80 0 
76 81 83 75 74 82 0 85 80 78 0 78 76 74 76 81 75 87 85 75 80 82 73 80 76 80 0 
76 81 83 75 74 82 0 85 80 78 0 78 76 74 76 81 75 75 85 75 80 82 73 80 76 80 0 
76 81 83 75 74 82 0 85 80 78 0 78 76 74 76 81 75 75 85 75 80 82 73 80 76 80 0 
76 81 83 75 74 82 0 85 80 78 0 78 76 74 76 81 75 75 85 75 80 82 73 80 76 80 0 
76 81 83 75 74 82 0 85 80 78 0 78 76 74 76 81 75 75 85 75 80 82 73 80 76 80 0 
76 81 83 75 74 82 0 85 80 78 0 78 76 74 76 81 75 75 85 75 80 82 73 80 76 80 0 
76 81 83 75 74 82 0 85 80 78 0 78 76 74 76 81 75 75 85 75 80 82 73 80 76 80 0 
76 81 83 75 74 82 0 85 80 78 0 78 76 74 76 81 75 75 85 75 80 82 73 80 76 80 0 
76 81 83 75 74 82 0 85 80 78 0 78 76 74 76 81 75 75 85 75 80 82 73 80 76 80 0 
76 81 83 75 74 82 0 85 80 78 0 78 76 74 76 81 75 75 85 75 80 82 73 80 76 80 0 
76 81 83 75 74 82 0 85 80 78 0 78 76 74 76 81 75 75 85 75 80 82 73 80 76 80 0 
76 81 83 75 74 82 0 85 80 78 0 78 76 74 76 81 75 75 85 75 80 82 73 80 76 80 0 
76 81 83 75 74 82 0 85 80 78 0 78 76 74 76 81 75 75 85 75 80 82 73 80 76 80 0 
76 81 83 75 74 82 0 85 80 78 0 78 76 74 76 81 75 75 85 75 80 82 73 80 76 80 0 
76 81 83 75 74 82 0 85 80 78 0 78 76 74 76 81 75 75 85 75 80 82 73 80 76 80 0 
76 81 83 75 74 82 0 85 80 78 0 78 76 74 76 81 75 75 85 75 80 82 73 80 76 80 0 
76 81 83 75 74 82 0 85 80 78 0 78 76 74 76 81 75 75 85 75 80 82 73 80 76 80 0 
76 81 83 75 74 82 0 85 80 78 0 78 76 74 76 81 75 75 85 75 80 82 73 80 76 80 0 
76 81 83 75 74 82 0 85 80 78 0 78 76 74 76 81 75 75 85 75 80 82 73 80 76 80 0 
76 81 83 75 74 82 0 85 80 78 0 78 76 74 76 81 75 75 85 75 80 82 73 80 76 80 0 
76 81 83 75 74 82 0 85 80 78 0 78 76 74 76 81 75 75 85 75 80 82 73 80 76 80 0 
76 0 83 75 74 82 0 85 78 78 0 78 76 74 76 81 81 75 0 75 80 82 73 80 76 80 0 
76 0 83 75 74 82 0 85 78 78 0 78 76 74 76 81 81 75 0 75 80 82 73 80 76 80 0 
76 0 83 75 74 82 0 85 78 78 0 78 76 74 76 81 81 75 0 75 80 82 73 80 76 80 0 
76 0 83 75 74 82 0 85 78 78 0 78 76 74 76 81 81 75 0 75 80 82 73 80 76 80 0 
76 0 83 75 74 82 0 85 78 78 0 78 76 74 76 81 81 75 0 75 80 82 73 80 76 80 0 
76 0 83 75 74 82 0 85 78 78 0 78 76 74 76 81 81 75 0 75 80 82 73 80 76 80 0 
76 0 83 75 74 82 0 85 78 78 0 78 76 74 76 81 81 75 0 75 80 82 73 80 76 80 0 
76 0 83 75 74 82 0 85 78 78 0 78 76 74 76 81 81 75 0 75 80 82 73 80 76 80 0 
76 0 83 75 74 82 0 85 78 78 0 78 76 74 76 81 81 75 0 75 80 82 73 80 76 80 0 
76 0 83 75 74 82 0 85 78 78 0 78 76 74 76 81 81 75 0 75 80 82 73 80 76 80 0 
76 0 83 75 74 82 0 85 78 78 0 78 76 74 76 81 81 75 0 75 80 82 73 80 76 80 0 
76 0 83 75 74 82 0 85 78 78 0 78 76 74 76 81 81 75 0 75 80 82 73 80 76 80 0 
76 0 83 75 74 82 0 85 78 78 0 78 76 74 76 81 81 75 0 75 80 82 73 80 76 80 0 
76 0 83 75 74 82 0 85 78 78 0 78 76 74 76 81 81 75 0 75 80 82 73 80 76 80 0 
76 0 83 75 74 82 0 85 78 78 0 78 76 74 76 81 81 75 0 75 80 82 73 80 76 80 0 
76 0 83 75 74 82 0 85 78 78 0 78 76 74 76 81 81 75 0 75 80 82 73 80 76 80 0 
76 0 83 75 74 82 0 85 78 78 0 78 76 74 76 81 81 75 0 75 80 82 73 80 76 80 0 
76 0 83 75 74 82 0 85 78 78 0 78 76 74 76 81 81 75 0 75 80 82 73 80 76 80 0 
76 0 83 75 74 82 0 85 78 78 0 78 76 74 76 81 81 75 0 75 80 82 73 80 76 80 0 
76 0 83 75 74 82 0 85 78 78 0 78 76 74 76 81 81 75 0 75 80 82 73 80 76 80 0 
76 0 83 75 74 82 0 85 0 78 0 78 76 74 76 81 81 75 0 75 80 82 0 80 76 80 0 
76 0 83 75 74 82 0 85 0 78 0 78 76 74 76 81 81 75 0 75 80 82 0 80 76 80 0 
76 0 83 75 74 82 0 85 0 78 0 78 76 74 76 81 81 75 0 75 80 82 0 80 76 80 0 
76 0 83 75 74 82 0 85 0 78 0 78 76 74 76 81 81 75 0 75 80 82 0 80 76 80 0 
76 0 83 75 74 82 0 85 0 78 0 78 76 74 76 81 81 75 0 75 80 82 0 80 76 80 0 
76 0 83 75 74 82 0 85 0 78 0 78 76 74 76 81 81 75 0 75 80 82 0 80 76 80 0 
76 0 83 75 74 82 0 85 0 78 0 78 76 74 76 81 81 75 0 75 80 82 0 80 76 80 0 
76 0 83 75 74 82 0 85 0 78 0 78 76 74 76 81 81 75 0 75 80 82 0 80 76 80 0 
76 0 83 75 74 82 0 85 0 78 0 78 76 74 76 81 81 75 0 75 80 82 0 80 76 80 0 
76 0 83 75 74 82 0 85 0 78 0 78 76 74 76 81 81 75 0 75 80 82 0 80 76 80 0 
76 0 83 75 0 80 0 85 0 78 0 78 76 74 76 81 0 75 0 75 80 82 0 80 76 80 0 
76 0 83 75 0 80 0 85 0 78 0 78 76 74 76 81 0 75 0 75 80 82 0 80 76 80 0 
76 0 83 75 0 80 0 85 0 78 0 78 76 74 76 81 0 75 0 75 80 82 0 80 76 80 0 
76 0 83 75 0 80 0 85 0 78 0 78 76 74 76 81 0 75 0 75 80 82 0 80 76 80 0 
76 0 83 75 0 80 0 85 0 78 0 78 76 74 76 81 0 75 0 75 80 82 0 80 76 80 0 
76 0 83 75 0 80 0 85 0 78 0 78 76 74 76 81 0 75 0 75 80 82 0 80 76 80 0 
76 0 83 75 0 80 0 85 0 78 0 78 76 74 76 81 0 75 0 75 80 82 0 80 76 80 0 
76 0 83 75 0 80 0 85 0 78 0 78 76 74 76 81 0 75 0 75 80 82 0 80 76 80 0 
76 0 83 75 0 80 0 85 0 78 0 78 76 74 76 81 0 75 0 75 80 82 0 80 76 80 0 
76 0 83 75 0 80 0 85 0 78 0 78 76 74 76 81 0 75 0 75 80 82 0 80 76 80 0 
76 0 83 75 0 80 0 85 0 78 0 78 76 74 76 81 0 75 0 75 80 82 0 80 76 80 0 
76 0 83 75 0 80 0 85 0 78 0 78 76 74 76 81 0 75 0 75 80 82 0 80 76 80 0 
76 0 83 75 0 80 0 85 0 78 0 78 76 74 76 81 0 75 0 75 80 82 0 80 76 80 0 
76 0 83 75 0 80 0 85 0 78 0 78 76 74 76 81 0 75 0 75 80 82 0 80 76 80 0 
76 0 83 75 0 80 0 85 0 78 0 78 76 74 76 81 0 75 0 75 80 82 0 80 76 80 0 
76 0 83 75 0 80 0 85 0 78 0 78 76 74 76 81 0 75 0 75 80 82 0 80 76 80 0 
76 0 83 75 0 80 0 85 0 78 0 78 76 74 76 81 0 75 0 75 80 82 0 80 76 80 0 
76 0 83 75 0 80 0 85 0 78 0 78 76 74 76 81 0 75 0 75 80 82 0 80 76 80 0 
76 0 83 75 0 80 0 85 0 78 0 78 76 74 76 81 0 75 0 75 80 82 0 80 76 80 0 
76 0 83 75 0 80 0 85 0 78 0 78 76 74 76 81 0 75 0 75 80 82 0 80 76 80 0 
76 0 83 75 0 80 0 85 0 78 0 78 76 74 76 81 0 75 0 75 80 82 0 80 76 80 0 
76 0 83 75 0 80 0 85 0 78 0 78 76 74 76 81 0 75 0 75 80 82 0 80 76 80 0 
76 0 83 75 0 80 0 85 0 78 0 78 76 74 76 81 0 75 0 75 80 82 0 80 76 80 0 
76 0 83 75 0 80 0 85 0 78 0 78 76 74 76 81 0 75 0 75 80 82 0 80 76 80 0 
76 0 83 75 0 80 0 85 0 78 0 78 76 74 76 81 0 75 0 75 80 82 0 80 76 80 0 
76 0 83 75 0 80 0 85 0 78 0 78 76 74 76 81 0 75 0 75 80 82 0 80 76 80 0 
76 0 83 75 0 80 0 85 0 78 0 78 76 74 76 81 0 75 0 75 80 82 0 80 76 80 0 
76 0 83 75 0 80 0 85 0 78 0 78 76 74 76 81 0 75 0 75 80 82 0 80 76 80 0 
76 0 83 75 0 80 0 85 0 78 0 78 76 74 76 81 0 75 0 75 80 82 0 80 76 80 0 
76 0 83 75 0 80 0 85 0 78 0 78 76 74 76 81 0 75 0 75 80 82 0 80 76 80 0 
76 0 83 75 0 80 0 85 0 78 0 78 76 74 76 81 0 0 0 75 80 82 0 80 76 80 0 
76 0 83 75 0 80 0 85 0 78 0 78 76 74 76 81 0 0 0 75 80 82 0 80 76 80 0 
76 0 83 75 0 80 0 85 0 78 0 78 76 74 76 81 0 0 0 75 80 82 0 80 76 80 0 
76 0 83 75 0 80 0 85 0 78 0 78 76 74 76 81 0 0 0 75 80 82 0 80 76 80 0 
76 0 83 75 0 80 0 85 0 78 0 78 76 74 76 81 0 0 0 75 80 82 0 80 76 80 0 
76 0 83 75 0 80 0 85 0 78 0 78 76 74 76 81 0 0 0 75 80 82 0 80 76 80 0 
76 0 83 75 0 80 0 85 0 78 0 78 76 74 76 81 0 0 0 75 80 82 0 80 76 80 0 
76 0 83 75 0 80 0 85 0 78 0 78 76 74 76 81 0 0 0 75 80 82 0 80 76 80 0 
76 0 83 75 0 80 0 85 0 78 0 78 76 74 76 81 0 0 0 75 80 82 0 80 76 80 0 
76 0 83 75 0 80 0 85 0 78 0 78 76 74 76 81 0 0 0 75 80 82 0 80 76 80 0 
76 0 83 75 0 80 0 85 0 78 0 78 76 74 76 81 0 0 0 75 0 82 0 80 76 80 0 
76 0 83 75 0 80 0 85 0 78 0 78 76 74 76 81 0 0 0 75 0 82 0 80 76 80 0 
76 0 83 75 0 80 0 85 0 78 0 78 76 74 76 81 0 0 0 75 0 82 0 80 76 80 0 
76 0 83 75 0 80 0 85 0 78 0 78 76 74 76 81 0 0 0 75 0 82 0 80 76 80 0 
76 0 83 75 0 80 0 85 0 78 0 78 76 74 76 81 0 0 0 75 0 82 0 80 76 80 0 
76 0 83 75 0 80 0 85 0 78 0 78 76 74 76 81 0 0 0 75 0 82 0 80 76 80 0 
76 0 83 75 0 80 0 85 0 78 0 78 76 74 76 81 0 0 0 75 0 82 0 80 76 80 0 
76 0 83 75 0 80 0 85 0 78 0 78 76 74 76 81 0 0 0 75 0 82 0 80 76 80 0 
76 0 83 75 0 80 0 85 0 78 0 78 76 74 76 81 0 0 0 75 0 82 0 80 76 80 0 
76 0 83 75 0 80 0 85 0 78 0 78 76 74 76 81 0 0 0 75 0 82 0 80 76 80 0 
0 0 83 75 0 80 0 85 0 78 0 78 76 74 76 81 0 0 0 75 0 82 0 80 76 80 0 
0 0 83 75 0 80 0 85 0 78 0 78 76 74 76 81 0 0 0 75 0 82 0 80 76 80 0 
0 0 83 75 0 80 0 85 0 78 0 78 76 74 76 81 0 0 0 75 0 82 0 80 76 80 0 
0 0 83 75 0 80 0 85 0 78 0 78 76 74 76 81 0 0 0 75 0 82 0 80 76 80 0 
0 0 83 75 0 80 0 85 0 78 0 78 76 74 76 81 0 0 0 75 0 82 0 80 76 80 0 
0 0 83 75 0 80 0 85 0 78 0 78 76 74 76 81 0 0 0 75 0 82 0 80 76 80 0 
0 0 83 75 0 80 0 85 0 78 0 78 76 74 76 81 0 0 0 75 0 82 0 80 76 80 0 
0 0 83 75 0 80 0 85 0 78 0 78 76 74 76 81 0 0 0 75 0 82 0 80 76 80 0 
0 0 83 75 0 80 0 85 0 78 0 78 76 74 76 81 0 0 0 75 0 82 0 80 76 80 0 
0 0 83 75 0 80 0 85 0 78 0 78 76 74 76 81 0 0 0 75 0 82 0 80 76 80 0 
0 0 0 75 0 80 0 85 0 0 0 0 76 74 76 81 0 0 0 75 0 82 0 80 76 80 0 
0 0 0 75 0 80 0 85 0 0 0 0 76 74 76 81 0 0 0 75 0 82 0 80 76 80 0 
0 0 0 75 0 80 0 85 0 0 0 0 76 74 76 81 0 0 0 75 0 82 0 80 76 80 0 
0 0 0 75 0 80 0 85 0 0 0 0 76 74 76 81 0 0 0 75 0 82 0 80 76 80 0 
0 0 0 75 0 80 0 85 0 0 0 0 76 74 76 81 0 0 0 75 0 82 0 80 76 80 0 
0 0 0 75 0 80 0 85 0 0 0 0 76 74 76 81 0 0 0 75 0 82 0 80 76 80 0 
0 0 0 75 0 80 0 85 0 0 0 0 76 74 76 81 0 0 0 75 0 82 0 80 76 80 0 
0 0 0 75 0 80 0 85 0 0 0 0 76 74 76 81 0 0 0 75 0 82 0 80 76 80 0 
0 0 0 75 0 80 0 85 0 0 0 0 76 74 76 81 0 0 0 75 0 82 0 80 76 80 0 
0 0 0 75 0 80 0 85 0 0 0 0 76 74 76 81 0 0 0 75 0 82 0 80 76 80 0 
0 0 0 75 0 0 0 85 0 0 0 0 76 74 76 81 0 0 0 75 0 82 0 80 76 80 0 
0 0 0 75 0 0 0 85 0 0 0 0 76 74 76 81 0 0 0 75 0 82 0 80 76 80 0 
0 0 0 75 0 0 0 85 0 0 0 0 76 74 76 81 0 0 0 75 0 82 0 80 76 80 0 
0 0 0 75 0 0 0 85 0 0 0 0 76 74 76 81 0 0 0 75 0 82 0 80 76 80 0 
0 0 0 75 0 0 0 85 0 0 0 0 76 74 76 81 0 0 0 75 0 82 0 80 76 80 0 
0 0 0 75 0 0 0 85 0 0 0 0 76 74 76 81 0 0 0 75 0 82 0 80 76 80 0 
0 0 0 75 0 0 0 85 0 0 0 0 76 74 76 81 0 0 0 75 0 82 0 80 76 80 0 
0 0 0 75 0 0 0 85 0 0 0 0 76 74 76 81 0 0 0 75 0 82 0 80 76 80 0 
0 0 0 75 0 0 0 85 0 0 0 0 76 74 76 81 0 0 0 75 0 82 0 80 76 80 0 
0 0 0 75 0 0 0 85 0 0 0 0 76 74 76 81 0 0 0 75 0 82 0 80 76 80 0 
0 0 0 75 0 0 0 85 0 0 0 0 76 74 76 81 0 0 0 75 0 82 0 80 76 80 0 
0 0 0 75 0 0 0 85 0 0 0 0 76 74 76 81 0 0 0 75 0 82 0 80 76 80 0 
0 0 0 75 0 0 0 85 0 0 0 0 76 74 76 81 0 0 0 75 0 82 0 80 76 80 0 
0 0 0 75 0 0 0 85 0 0 0 0 76 74 76 81 0 0 0 75 0 82 0 80 76 80 0 
0 0 0 75 0 0 0 85 0 0 0 0 76 74 76 81 0 0 0 75 0 82 0 80 76 80 0 
0 0 0 75 0 0 0 85 0 0 0 0 76 74 76 81 0 0 0 75 0 82 0 80 76 80 0 
0 0 0 75 0 0 0 85 0 0 0 0 76 74 76 81 0 0 0 75 0 82 0 80 76 80 0 
0 0 0 75 0 0 0 85 0 0 0 0 76 74 76 81 0 0 0 75 0 82 0 80 76 80 0 
0 0 0 75 0 0 0 85 0 0 0 0 76 74 76 81 0 0 0 75 0 82 0 80 76 80 0 
0 0 0 75 0 0 0 85 0 0 0 0 76 74 76 81 0 0 0 75 0 82 0 80 76 80 0 
0 0 0 75 0 0 0 85 0 0 0 0 0 74 0 81 0 0 0 75 0 82 0 80 76 80 0 
0 0 0 75 0 0 0 85 0 0 0 0 0 74 0 81 0 0 0 75 0 82 0 80 76 80 0 
0 0 0 75 0 0 0 85 0 0 0 0 0 74 0 81 0 0 0 75 0 82 0 80 76 80 0 
0 0 0 75 0 0 0 85 0 0 0 0 0 74 0 81 0 0 0 75 0 82 0 80 76 80 0 
0 0 0 75 0 0 0 85 0 0 0 0 0 74 0 81 0 0 0 75 0 82 0 80 76 80 0 
0 0 0 75 0 0 0 85 0 0 0 0 0 74 0 81 0 0 0 75 0 82 0 80 76 80 0 
0 0 0 75 0 0 0 85 0 0 0 0 0 74 0 81 0 0 0 75 0 82 0 80 76 80 0 
0 0 0 75 0 0 0 85 0 0 0 0 0 74 0 81 0 0 0 75 0 82 0 80 76 80 0 
0 0 0 75 0 0 0 85 0 0 0 0 0 74 0 81 0 0 0 75 0 82 0 80 76 80 0 
0 0 0 75 0 0 0 85 0 0 0 0 0 74 0 81 0 0 0 75 0 82 0 80 76 80 0 
0 0 0 75 0 0 0 85 0 0 0 0 0 74 0 0 0 0 0 75 0 82 0 80 76 80 0 
0 0 0 75 0 0 0 85 0 0 0 0 0 74 0 0 0 0 0 75 0 82 0 80 76 80 0 
0 0 0 75 0 0 0 85 0 0 0 0 0 74 0 0 0 0 0 75 0 82 0 80 76 80 0 
0 0 0 75 0 0 0 85 0 0 0 0 0 74 0 0 0 0 0 75 0 82 0 80 76 80 0 
0 0 0 75 0 0 0 85 0 0 0 0 0 74 0 0 0 0 0 75 0 82 0 80 76 80 0 
0 0 0 75 0 0 0 85 0 0 0 0 0 74 0 0 0 0 0 75 0 82 0 80 76 80 0 
0 0 0 75 0 0 0 85 0 0 0 0 0 74 0 0 0 0 0 75 0 82 0 80 76 80 0 
0 0 0 75 0 0 0 85 0 0 0 0 0 74 0 0 0 0 0 75 0 82 0 80 76 80 0 
0 0 0 75 0 0 0 85 0 0 0 0 0 74 0 0 0 0 0 75 0 82 0 80 76 80 0 
0 0 0 75 0 0 0 85 0 0 0 0 0 74 0 0 0 0 0 75 0 82 0 80 76 80 0 
0 0 0 0 0 0 0 85 0 0 0 0 0 74 0 0 0 0 0 75 0 0 0 80 0 80 0 
0 0 0 0 0 0 0 85 0 0 0 0 0 74 0 0 0 0 0 75 0 0 0 80 0 80 0 
0 0 0 0 0 0 0 85 0 0 0 0 0 74 0 0 0 0 0 75 0 0 0 80 0 80 0 
0 0 0 0 0 0 0 85 0 0 0 0 0 74 0 0 0 0 0 75 0 0 0 80 0 80 0 
0 0 0 0 0 0 0 85 0 0 0 0 0 74 0 0 0 0 0 75 0 0 0 80 0 80 0 
0 0 0 0 0 0 0 85 0 0 0 0 0 74 0 0 0 0 0 75 0 0 0 80 0 80 0 
0 0 0 0 0 0 0 85 0 0 0 0 0 74 0 0 0 0 0 75 0 0 0 80 0 80 0 
0 0 0 0 0 0 0 85 0 0 0 0 0 74 0 0 0 0 0 75 0 0 0 80 0 80 0 
0 0 0 0 0 0 0 85 0 0 0 0 0 74 0 0 0 0 0 75 0 0 0 80 0 80 0 
0 0 0 0 0 0 0 85 0 0 0 0 0 74 0 0 0 0 0 75 0 0 0 80 0 80 0 
0 0 0 0 0 0 0 0 0 0 0 0 0 74 0 0 0 0 0 0 0 0 0 80 0 80 0 
0 0 0 0 0 0 0 0 0 0 0 0 0 74 0 0 0 0 0 0 0 0 0 80 0 80 0 
0 0 0 0 0 0 0 0 0 0 0 0 0 74 0 0 0 0 0 0 0 0 0 80 0 80 0 
0 0 0 0 0 0 0 0 0 0 0 0 0 74 0 0 0 0 0 0 0 0 0 80 0 80 0 
0 0 0 0 0 0 0 0 0 0 0 0 0 74 0 0 0 0 0 0 0 0 0 80 0 80 0 
0 0 0 0 0 0 0 0 0 0 0 0 0 74 0 0 0 0 0 0 0 0 0 80 0 80 0 
0 0 0 0 0 0 0 0 0 0 0 0 0 74 0 0 0 0 0 0 0 0 0 80 0 80 0 
0 0 0 0 0 0 0 0 0 0 0 0 0 74 0 0 0 0 0 0 0 0 0 80 0 80 0 
0 0 0 0 0 0 0 0 0 0 0 0 0 74 0 0 0 0 0 0 0 0 0 80 0 80 0 
0 0 0 0 0 0 0 0 0 0 0 0 0 74 0 0 0 0 0 0 0 0 0 80 0 80 0 
0 0 0 0 0 0 0 0 0 0 0 0 0 79 0 0 0 0 0 0 0 0 0 80 0 80 0 
0 0 0 0 0 0 0 0 0 0 0 0 0 79 0 0 0 0 0 0 0 0 0 80 0 80 0 
0 0 0 0 0 0 0 0 0 0 0 0 0 79 0 0 0 0 0 0 0 0 0 80 0 80 0 
0 0 0 0 0 0 0 0 0 0 0 0 0 79 0 0 0 0 0 0 0 0 0 80 0 80 0 
0 0 0 0 0 0 0 0 0 0 0 0 0 79 0 0 0 0 0 0 0 0 0 80 0 80 0 
0 0 0 0 0 0 0 0 0 0 0 0 0 79 0 0 0 0 0 0 0 0 0 80 0 80 0 
0 0 0 0 0 0 0 0 0 0 0 0 0 79 0 0 0 0 0 0 0 0 0 80 0 80 0 
0 0 0 0 0 0 0 0 0 0 0 0 0 79 0 0 0 0 0 0 0 0 0 80 0 80 0 
0 0 0 0 0 0 0 0 0 0 0 0 0 79 0 0 0 0 0 0 0 0 0 80 0 80 0 
0 0 0 0 0 0 0 0 0 0 0 0 0 79 0 0 0 0 0 0 0 0 0 80 0 80 0 
0 0 0 0 0 0 0 0 0 0 0 0 0 0 0 0 0 0 0 0 0 0 0 0 0 0 0 
