0.8700000000000007 0.23900000000000032 0.142700000000001 0.23900000000000032 0.17050000000000015 0.12390000000000048 0.142700000000001 0.12390000000000048 0.1078000000000003 0.7833999999999997 0.2386500000000007 0.142650000000001 0.2386500000000007 0.17045000000000018 0.1238500000000005 0.142650000000001 0.1238500000000005 0.10775000000000032 0.7001499999999996 0.2382000000000005 0.142650000000001 0.2382000000000005 0.17040000000000022 0.12380000000000055 0.142650000000001 0.12380000000000055 0.10770000000000039 
0.23894999999999925 0.9249000000000003 0.23894999999999925 0.16860000000000125 0.26059999999999944 0.16860000000000125 0.12384999999999938 0.14084999999999984 0.12384999999999938 0.23849999999999966 0.8386999999999996 0.23849999999999966 0.16850000000000132 0.26044999999999957 0.16850000000000132 0.12384999999999938 0.14079999999999987 0.12384999999999938 0.23785000000000026 0.7564500000000016 0.23785000000000026 0.16845000000000135 0.2601 0.16845000000000135 0.12364999999999955 0.14059999999999948 0.12364999999999955 
0.1429000000000002 0.2389999999999992 0.8699500000000023 0.12395000000000042 0.17045000000000188 0.2389999999999992 0.10790000000000192 0.12395000000000042 0.1429000000000002 0.14284999999999967 0.2387499999999995 0.7833000000000016 0.12390000000000048 0.17040000000000194 0.2387499999999995 0.10790000000000192 0.12390000000000048 0.14284999999999967 0.14264999999999928 0.23814999999999947 0.7001499999999996 0.12390000000000048 0.17035000000000194 0.23814999999999947 0.10790000000000192 0.12390000000000048 0.14264999999999928 
0.23900000000000032 0.16865000000000008 0.12375000000000003 0.9248499999999998 0.26065000000000055 0.14069999999999996 0.23900000000000032 0.16865000000000008 0.12375000000000003 0.23855000000000018 0.16865000000000008 0.12365000000000012 0.83865 0.26050000000000073 0.14065 0.23855000000000018 0.16865000000000008 0.12365000000000012 0.23775000000000035 0.16850000000000023 0.12365000000000012 0.7565000000000004 0.2602500000000009 0.14065 0.23775000000000035 0.16850000000000023 0.12365000000000012 
0.17024999999999976 0.26065 0.17024999999999976 0.26065 0.9895499999999993 0.26065 0.17024999999999976 0.26065 0.17024999999999976 0.17024999999999976 0.2602499999999998 0.17024999999999976 0.2602499999999998 0.9040499999999991 0.2602499999999998 0.17024999999999976 0.2602499999999998 0.17024999999999976 0.17004999999999995 0.2596999999999997 0.17004999999999995 0.2596999999999997 0.8226999999999993 0.2596999999999997 0.17004999999999995 0.2596999999999997 0.17004999999999995 
0.12389999999999987 0.1687500000000028 0.2390000000000021 0.1409000000000026 0.2608000000000004 0.9249500000000003 0.12389999999999987 0.1687500000000028 0.2390000000000021 0.12389999999999987 0.16870000000000285 0.23865000000000128 0.1409000000000026 0.26050000000000073 0.8388500000000014 0.12389999999999987 0.16870000000000285 0.23865000000000128 0.12384999999999993 0.16850000000000248 0.23790000000000133 0.14080000000000267 0.2601000000000011 0.7564500000000025 0.12384999999999993 0.16850000000000248 0.23790000000000133 
0.14285000000000142 0.12395000000000042 0.10790000000000077 0.2390000000000015 0.17055000000000065 0.12395000000000042 0.8699500000000011 0.2390000000000015 0.14285000000000142 0.1427500000000015 0.12395000000000042 0.10785000000000085 0.23875000000000118 0.1703500000000008 0.12395000000000042 0.7833000000000006 0.23875000000000118 0.1427500000000015 0.14265000000000158 0.12390000000000048 0.10785000000000085 0.2382000000000005 0.17030000000000084 0.12390000000000048 0.7001500000000003 0.2382000000000005 0.14265000000000158 
0.12374999999999887 0.14074999999999876 0.12374999999999887 0.1686999999999989 0.2606999999999994 0.1686999999999989 0.2389999999999992 0.9248000000000005 0.2389999999999992 0.12369999999999892 0.14069999999999883 0.12369999999999892 0.1684999999999991 0.2603999999999997 0.1684999999999991 0.23849999999999913 0.8386999999999988 0.23849999999999913 0.12369999999999892 0.14069999999999883 0.12369999999999892 0.1683999999999992 0.26024999999999976 0.1683999999999992 0.23774999999999977 0.7563999999999989 0.23774999999999977 
0.10779999999999972 0.1239499999999993 0.1428000000000003 0.1239499999999993 0.1704000000000002 0.23900000000000038 0.1428000000000003 0.23900000000000038 0.86995 0.10779999999999972 0.12389999999999932 0.14274999999999977 0.12389999999999932 0.1704000000000002 0.2387500000000006 0.14274999999999977 0.2387500000000006 0.7833000000000011 0.10779999999999972 0.12379999999999942 0.1426999999999998 0.12379999999999942 0.17030000000000028 0.23820000000000108 0.1426999999999998 0.23820000000000108 0.7000999999999997 
0.7834500000000003 0.2386500000000024 0.14275000000000032 0.2386500000000024 0.17040000000000077 0.12379999999999998 0.14275000000000032 0.12379999999999998 0.10780000000000087 0.7841000000000001 0.23845000000000255 0.14275000000000032 0.23845000000000255 0.17040000000000077 0.12379999999999998 0.14275000000000032 0.12379999999999998 0.1077500000000009 0.7007500000000022 0.23790000000000133 0.14265000000000044 0.23790000000000133 0.17035000000000083 0.12375000000000003 0.14265000000000044 0.12375000000000003 0.1077500000000009 
0.23879999999999885 0.8387999999999988 0.23879999999999885 0.16874999999999887 0.2604500000000019 0.16874999999999887 0.12380000000000113 0.14079999999999876 0.12380000000000113 0.23844999999999916 0.8398999999999995 0.23844999999999916 0.1686999999999989 0.2602000000000016 0.1686999999999989 0.12380000000000113 0.14079999999999876 0.12380000000000113 0.23779999999999973 0.7574999999999996 0.23779999999999973 0.1684999999999991 0.2598000000000014 0.1684999999999991 0.12380000000000113 0.14079999999999876 0.12380000000000113 
0.1426999999999998 0.2384999999999991 0.7833499999999992 0.12374999999999944 0.1703499999999991 0.2384999999999991 0.10769999999999927 0.12374999999999944 0.1426999999999998 0.1425999999999999 0.23834999999999923 0.7839999999999986 0.12374999999999944 0.17024999999999862 0.23834999999999923 0.10769999999999927 0.12374999999999944 0.1425999999999999 0.14244999999999947 0.23779999999999973 0.7005999999999992 0.1236999999999995 0.17019999999999869 0.23779999999999973 0.10769999999999927 0.1236999999999995 0.14244999999999947 
0.23880000000000043 0.1687499999999994 0.12395000000000042 0.8389000000000004 0.26045000000000074 0.1409500000000003 0.23880000000000043 0.1687499999999994 0.12395000000000042 0.2384500000000008 0.16869999999999946 0.12395000000000042 0.8399999999999995 0.26025000000000037 0.14079999999999987 0.2384500000000008 0.16869999999999946 0.12395000000000042 0.2378000000000003 0.16849999999999904 0.12380000000000058 0.7574999999999996 0.2599500000000007 0.14079999999999987 0.2378000000000003 0.16849999999999904 0.12380000000000058 
0.1703499999999991 0.2605999999999994 0.1703499999999991 0.2605999999999994 0.9040000000000008 0.2605999999999994 0.1703499999999991 0.2605999999999994 0.1703499999999991 0.1701499999999993 0.2600499999999989 0.1701499999999993 0.2600499999999989 0.9057500000000005 0.2600499999999989 0.1701499999999993 0.2600499999999989 0.1701499999999993 0.16999999999999943 0.25964999999999866 0.16999999999999943 0.25964999999999866 0.8240500000000012 0.25964999999999866 0.16999999999999943 0.25964999999999866 0.16999999999999943 
0.12384999999999995 0.16859999999999845 0.23859999999999953 0.1408499999999998 0.26050000000000073 0.8387499999999999 0.12384999999999995 0.16859999999999845 0.23859999999999953 0.1238 0.16854999999999848 0.23839999999999914 0.14074999999999932 0.260250000000001 0.8399500000000002 0.1238 0.16854999999999848 0.23839999999999914 0.12375000000000003 0.16849999999999854 0.2375999999999999 0.14059999999999945 0.2598500000000002 0.7574999999999994 0.12375000000000003 0.16849999999999854 0.2375999999999999 
0.14259999999999934 0.1238999999999976 0.10774999999999864 0.2384999999999991 0.17029999999999804 0.1238999999999976 0.7832999999999981 0.2384999999999991 0.14259999999999934 0.14249999999999885 0.12384999999999764 0.10769999999999869 0.23834999999999926 0.17024999999999807 0.12384999999999764 0.7840499999999972 0.23834999999999926 0.14249999999999885 0.14249999999999885 0.12364999999999782 0.10764999999999873 0.23789999999999964 0.17024999999999807 0.12364999999999782 0.7005499999999992 0.23789999999999964 0.14249999999999885 
0.12400000000000096 0.14100000000000024 0.12400000000000096 0.16879999999999992 0.2606000000000006 0.16879999999999992 0.23884999999999992 0.8389500000000003 0.23884999999999992 0.12400000000000096 0.1409500000000003 0.12400000000000096 0.16874999999999998 0.26035000000000086 0.16874999999999998 0.23860000000000015 0.8400000000000007 0.23860000000000015 0.123950000000001 0.1408500000000004 0.123950000000001 0.1686499999999995 0.26000000000000123 0.1686499999999995 0.23784999999999967 0.7576499999999999 0.23784999999999967 
0.10755000000000056 0.1236999999999995 0.1424500000000012 0.1236999999999995 0.17025000000000032 0.23840000000000033 0.1424500000000012 0.23840000000000033 0.7833500000000004 0.1075000000000006 0.12364999999999955 0.1424500000000012 0.12364999999999955 0.17025000000000032 0.23834999999999984 0.1424500000000012 0.23834999999999984 0.7840000000000007 0.10745000000000064 0.12349999999999968 0.14240000000000066 0.12349999999999968 0.1701500000000004 0.23779999999999973 0.14240000000000066 0.23779999999999973 0.7004499999999994 
0.7001000000000002 0.23790000000000022 0.14254999999999943 0.23790000000000022 0.1700999999999982 0.1238500000000005 0.14254999999999943 0.1238500000000005 0.10779999999999748 0.7006500000000003 0.23770000000000038 0.14249999999999946 0.23770000000000038 0.1699999999999983 0.12380000000000055 0.14249999999999946 0.12380000000000055 0.10779999999999748 0.7018500000000005 0.23725000000000077 0.14239999999999955 0.23725000000000077 0.1699999999999983 0.12364999999999955 0.14239999999999955 0.12364999999999955 0.10764999999999761 
0.23830000000000046 0.7566999999999987 0.23830000000000046 0.16869999999999893 0.25990000000000013 0.16869999999999893 0.12389999999999932 0.14089999999999978 0.12389999999999932 0.23795000000000016 0.757699999999998 0.23795000000000016 0.16869999999999893 0.2597499999999997 0.16869999999999893 0.12389999999999932 0.14079999999999987 0.12389999999999932 0.23744999999999888 0.7594499999999997 0.23744999999999888 0.16844999999999916 0.2596999999999997 0.16844999999999916 0.12379999999999942 0.14074999999999993 0.12379999999999942 
0.14254999999999823 0.2377999999999997 0.7000499999999997 0.12365000000000012 0.1700499999999994 0.2377999999999997 0.10764999999999984 0.12365000000000012 0.14254999999999823 0.1424999999999983 0.2375999999999999 0.7005499999999991 0.12365000000000012 0.16999999999999887 0.2375999999999999 0.10759999999999989 0.12365000000000012 0.1424999999999983 0.14229999999999848 0.23715000000000028 0.7016499999999989 0.12360000000000015 0.16999999999999887 0.23715000000000028 0.10754999999999995 0.12360000000000015 0.14229999999999848 
0.23815 0.16845000000000193 0.1238000000000011 0.7564500000000015 0.259700000000002 0.14070000000000216 0.23815 0.16845000000000193 0.1238000000000011 0.23785000000000028 0.168400000000002 0.12370000000000118 0.7574000000000025 0.2595500000000021 0.1405500000000023 0.23785000000000028 0.168400000000002 0.12370000000000118 0.23735000000000012 0.1683000000000021 0.12360000000000129 0.7593000000000019 0.2593500000000017 0.14050000000000235 0.23735000000000012 0.1683000000000021 0.12360000000000129 
0.17039999999999852 0.26019999999999877 0.17039999999999852 0.26019999999999877 0.8227999999999993 0.26019999999999877 0.17039999999999852 0.26019999999999877 0.17039999999999852 0.1702999999999986 0.25994999999999896 0.1702999999999986 0.25994999999999896 0.8242999999999995 0.25994999999999896 0.1702999999999986 0.25994999999999896 0.1702999999999986 0.1700499999999988 0.25939999999999935 0.1700499999999988 0.25939999999999935 0.8269999999999982 0.25939999999999935 0.1700499999999988 0.25939999999999935 0.1700499999999988 
0.1238 0.1684499999999997 0.23814999999999947 0.14069999999999827 0.25975000000000026 0.7564500000000005 0.1238 0.1684499999999997 0.23814999999999947 0.12375000000000003 0.16839999999999972 0.2378999999999996 0.1405499999999984 0.25950000000000045 0.7574000000000003 0.12375000000000003 0.16839999999999972 0.2378999999999996 0.12360000000000015 0.1681999999999999 0.23735000000000012 0.14044999999999846 0.25939999999999996 0.7593 0.12360000000000015 0.1681999999999999 0.23735000000000012 
0.14275000000000265 0.12384999999999995 0.1078500000000014 0.23789999999999964 0.1702000000000015 0.12384999999999995 0.7002000000000002 0.23789999999999964 0.14275000000000265 0.14275000000000265 0.12384999999999995 0.10780000000000145 0.23779999999999973 0.1702000000000015 0.12384999999999995 0.7007499999999995 0.23779999999999973 0.14275000000000265 0.14265000000000272 0.12375000000000003 0.1077500000000015 0.23749999999999996 0.1700000000000011 0.12375000000000003 0.7018500000000005 0.23749999999999996 0.14265000000000272 
0.12365000000000011 0.14065000000000283 0.12365000000000011 0.16860000000000064 0.25965000000000027 0.16860000000000064 0.23825000000000102 0.7566000000000008 0.23825000000000102 0.12365000000000011 0.14065000000000283 0.12365000000000011 0.1685500000000007 0.25965000000000027 0.1685500000000007 0.2378000000000003 0.7575500000000007 0.2378000000000003 0.12365000000000011 0.1406000000000029 0.12365000000000011 0.16840000000000083 0.2595500000000004 0.16840000000000083 0.23754999999999935 0.7595000000000004 0.23754999999999935 
0.10774999999999921 0.12380000000000055 0.14264999999999986 0.12380000000000055 0.1700499999999988 0.23800000000000013 0.14264999999999986 0.23800000000000013 0.7000500000000003 0.10769999999999927 0.12375000000000061 0.14250000000000002 0.12375000000000061 0.16999999999999885 0.23770000000000038 0.14250000000000002 0.23770000000000038 0.7006999999999997 0.10769999999999927 0.12370000000000007 0.14235000000000014 0.12370000000000007 0.16999999999999885 0.23735000000000067 0.14235000000000014 0.23735000000000067 0.7018499999999994 
